3.778000000000000000e+03
3.730000000000000000e+03
3.677000000000000000e+03
3.623000000000000000e+03
3.566000000000000000e+03
3.507000000000000000e+03
3.442000000000000000e+03
3.376000000000000000e+03
3.309000000000000000e+03
3.239000000000000000e+03
3.166000000000000000e+03
3.092000000000000000e+03
3.016000000000000000e+03
2.935000000000000000e+03
2.851000000000000000e+03
2.762000000000000000e+03
2.671000000000000000e+03
2.579000000000000000e+03
2.486000000000000000e+03
2.391000000000000000e+03
2.298000000000000000e+03
2.204000000000000000e+03
2.108000000000000000e+03
2.013000000000000000e+03
1.918000000000000000e+03
1.821000000000000000e+03
1.727000000000000000e+03
1.637000000000000000e+03
1.552000000000000000e+03
1.474000000000000000e+03
1.402000000000000000e+03
1.336000000000000000e+03
1.281000000000000000e+03
1.234000000000000000e+03
1.193000000000000000e+03
1.162000000000000000e+03
1.140000000000000000e+03
1.123000000000000000e+03
1.112000000000000000e+03
1.105000000000000000e+03
1.102000000000000000e+03
1.102000000000000000e+03
1.107000000000000000e+03
1.114000000000000000e+03
1.126000000000000000e+03
1.143000000000000000e+03
1.162000000000000000e+03
1.186000000000000000e+03
1.215000000000000000e+03
1.249000000000000000e+03
1.288000000000000000e+03
1.332000000000000000e+03
1.378000000000000000e+03
1.427000000000000000e+03
1.478000000000000000e+03
1.529000000000000000e+03
1.583000000000000000e+03
1.639000000000000000e+03
1.697000000000000000e+03
1.754000000000000000e+03
1.813000000000000000e+03
1.870000000000000000e+03
1.929000000000000000e+03
1.987000000000000000e+03
2.042000000000000000e+03
2.095000000000000000e+03
2.150000000000000000e+03
2.204000000000000000e+03
2.259000000000000000e+03
2.316000000000000000e+03
2.371000000000000000e+03
2.427000000000000000e+03
2.484000000000000000e+03
2.540000000000000000e+03
2.597000000000000000e+03
2.651000000000000000e+03
2.701000000000000000e+03
2.747000000000000000e+03
2.790000000000000000e+03
2.830000000000000000e+03
2.868000000000000000e+03
2.900000000000000000e+03
2.928000000000000000e+03
2.954000000000000000e+03
2.978000000000000000e+03
2.998000000000000000e+03
3.020000000000000000e+03
3.043000000000000000e+03
3.064000000000000000e+03
3.084000000000000000e+03
3.106000000000000000e+03
3.128000000000000000e+03
3.149000000000000000e+03
3.172000000000000000e+03
3.192000000000000000e+03
3.214000000000000000e+03
3.236000000000000000e+03
3.260000000000000000e+03
3.285000000000000000e+03
3.316000000000000000e+03
3.352000000000000000e+03
3.396000000000000000e+03
3.449000000000000000e+03
3.504000000000000000e+03
3.561000000000000000e+03
3.622000000000000000e+03
3.700000000000000000e+03
3.664000000000000000e+03
3.630000000000000000e+03
3.550000000000000000e+03
3.474000000000000000e+03
3.403000000000000000e+03
3.330000000000000000e+03
3.256000000000000000e+03
3.209000000000000000e+03
3.197000000000000000e+03
3.192000000000000000e+03
3.178000000000000000e+03
3.216000000000000000e+03
3.254000000000000000e+03
3.310000000000000000e+03
3.363000000000000000e+03
3.410000000000000000e+03
3.458000000000000000e+03
3.507000000000000000e+03
3.560000000000000000e+03
3.601000000000000000e+03
3.639000000000000000e+03
3.656000000000000000e+03
3.646000000000000000e+03
3.627000000000000000e+03
3.600000000000000000e+03
3.564000000000000000e+03
3.523000000000000000e+03
3.469000000000000000e+03
3.412000000000000000e+03
3.354000000000000000e+03
3.290000000000000000e+03
3.270000000000000000e+03
3.220000000000000000e+03
3.172000000000000000e+03
3.124000000000000000e+03
3.083000000000000000e+03
3.054000000000000000e+03
3.035000000000000000e+03
3.023000000000000000e+03
3.026000000000000000e+03
3.041000000000000000e+03
3.113000000000000000e+03
3.191000000000000000e+03
3.270000000000000000e+03
3.350000000000000000e+03
3.431000000000000000e+03
3.512000000000000000e+03
3.593000000000000000e+03
3.672000000000000000e+03
3.749000000000000000e+03
3.823000000000000000e+03
3.907000000000000000e+03
3.967000000000000000e+03
3.942000000000000000e+03
3.854000000000000000e+03
3.755000000000000000e+03
3.640000000000000000e+03
3.524000000000000000e+03
3.403000000000000000e+03
3.281000000000000000e+03
3.159000000000000000e+03
3.047000000000000000e+03
2.984000000000000000e+03
2.997000000000000000e+03
3.034000000000000000e+03
3.069000000000000000e+03
3.104000000000000000e+03
3.137000000000000000e+03
3.168000000000000000e+03
3.200000000000000000e+03
3.231000000000000000e+03
3.261000000000000000e+03
3.293000000000000000e+03
3.331000000000000000e+03
3.371000000000000000e+03
3.418000000000000000e+03
3.467000000000000000e+03
3.519000000000000000e+03
3.576000000000000000e+03
3.637000000000000000e+03
3.623000000000000000e+03
3.604000000000000000e+03
3.561000000000000000e+03
3.485000000000000000e+03
3.414000000000000000e+03
3.342000000000000000e+03
3.269000000000000000e+03
3.220000000000000000e+03
3.203000000000000000e+03
3.193000000000000000e+03
3.187000000000000000e+03
3.196000000000000000e+03
3.206000000000000000e+03
3.261000000000000000e+03
3.313000000000000000e+03
3.359000000000000000e+03
3.406000000000000000e+03
3.454000000000000000e+03
3.505000000000000000e+03
3.544000000000000000e+03
3.580000000000000000e+03
3.595000000000000000e+03
3.583000000000000000e+03
3.563000000000000000e+03
3.537000000000000000e+03
3.506000000000000000e+03
3.471000000000000000e+03
3.423000000000000000e+03
3.372000000000000000e+03
3.320000000000000000e+03
3.262000000000000000e+03
3.248000000000000000e+03
3.220000000000000000e+03
3.172000000000000000e+03
3.124000000000000000e+03
3.083000000000000000e+03
3.054000000000000000e+03
3.035000000000000000e+03
3.023000000000000000e+03
3.026000000000000000e+03
3.041000000000000000e+03
3.113000000000000000e+03
3.191000000000000000e+03
3.270000000000000000e+03
3.350000000000000000e+03
3.431000000000000000e+03
3.512000000000000000e+03
3.593000000000000000e+03
3.672000000000000000e+03
3.749000000000000000e+03
3.823000000000000000e+03
3.907000000000000000e+03
3.967000000000000000e+03
3.942000000000000000e+03
3.854000000000000000e+03
3.755000000000000000e+03
3.640000000000000000e+03
3.524000000000000000e+03
3.403000000000000000e+03
3.281000000000000000e+03
3.159000000000000000e+03
3.047000000000000000e+03
2.984000000000000000e+03
2.997000000000000000e+03
3.034000000000000000e+03
3.069000000000000000e+03
3.104000000000000000e+03
3.137000000000000000e+03
3.168000000000000000e+03
3.200000000000000000e+03
3.231000000000000000e+03
3.261000000000000000e+03
3.293000000000000000e+03
3.331000000000000000e+03
3.371000000000000000e+03
3.418000000000000000e+03
3.467000000000000000e+03
3.519000000000000000e+03
3.576000000000000000e+03
3.637000000000000000e+03
3.623000000000000000e+03
3.604000000000000000e+03
3.561000000000000000e+03
3.485000000000000000e+03
3.414000000000000000e+03
3.342000000000000000e+03
3.269000000000000000e+03
3.220000000000000000e+03
3.203000000000000000e+03
3.193000000000000000e+03
3.187000000000000000e+03
3.196000000000000000e+03
3.206000000000000000e+03
3.261000000000000000e+03
3.313000000000000000e+03
3.359000000000000000e+03
3.406000000000000000e+03
3.454000000000000000e+03
3.505000000000000000e+03
3.544000000000000000e+03
3.580000000000000000e+03
3.595000000000000000e+03
3.583000000000000000e+03
3.563000000000000000e+03
3.537000000000000000e+03
3.506000000000000000e+03
3.471000000000000000e+03
3.423000000000000000e+03
3.372000000000000000e+03
3.320000000000000000e+03
3.262000000000000000e+03
3.248000000000000000e+03
3.220000000000000000e+03
3.172000000000000000e+03
3.124000000000000000e+03
3.083000000000000000e+03
3.054000000000000000e+03
3.035000000000000000e+03
3.023000000000000000e+03
3.026000000000000000e+03
3.041000000000000000e+03
3.113000000000000000e+03
3.191000000000000000e+03
3.270000000000000000e+03
3.350000000000000000e+03
3.431000000000000000e+03
3.512000000000000000e+03
3.593000000000000000e+03
3.672000000000000000e+03
3.749000000000000000e+03
3.823000000000000000e+03
3.907000000000000000e+03
3.967000000000000000e+03
3.942000000000000000e+03
3.854000000000000000e+03
3.755000000000000000e+03
3.640000000000000000e+03
3.524000000000000000e+03
3.403000000000000000e+03
3.281000000000000000e+03
3.159000000000000000e+03
3.047000000000000000e+03
2.984000000000000000e+03
2.997000000000000000e+03
3.034000000000000000e+03
3.069000000000000000e+03
3.104000000000000000e+03
3.137000000000000000e+03
3.168000000000000000e+03
3.200000000000000000e+03
3.231000000000000000e+03
3.261000000000000000e+03
3.293000000000000000e+03
3.331000000000000000e+03
3.371000000000000000e+03
3.418000000000000000e+03
3.467000000000000000e+03
3.519000000000000000e+03
3.576000000000000000e+03
3.637000000000000000e+03
3.623000000000000000e+03
3.604000000000000000e+03
3.561000000000000000e+03
3.485000000000000000e+03
3.414000000000000000e+03
3.342000000000000000e+03
3.269000000000000000e+03
3.220000000000000000e+03
3.203000000000000000e+03
3.193000000000000000e+03
3.187000000000000000e+03
3.196000000000000000e+03
3.206000000000000000e+03
3.261000000000000000e+03
3.313000000000000000e+03
3.359000000000000000e+03
3.406000000000000000e+03
3.454000000000000000e+03
3.505000000000000000e+03
3.544000000000000000e+03
3.580000000000000000e+03
3.595000000000000000e+03
3.583000000000000000e+03
3.563000000000000000e+03
3.537000000000000000e+03
3.506000000000000000e+03
3.471000000000000000e+03
3.423000000000000000e+03
3.372000000000000000e+03
3.320000000000000000e+03
3.262000000000000000e+03
3.248000000000000000e+03
3.220000000000000000e+03
3.172000000000000000e+03
3.124000000000000000e+03
3.083000000000000000e+03
3.054000000000000000e+03
3.035000000000000000e+03
3.023000000000000000e+03
3.026000000000000000e+03
3.041000000000000000e+03
3.113000000000000000e+03
3.191000000000000000e+03
3.270000000000000000e+03
3.350000000000000000e+03
3.431000000000000000e+03
3.512000000000000000e+03
3.593000000000000000e+03
3.672000000000000000e+03
3.749000000000000000e+03
3.823000000000000000e+03
3.907000000000000000e+03
3.967000000000000000e+03
3.942000000000000000e+03
3.854000000000000000e+03
3.755000000000000000e+03
3.640000000000000000e+03
3.524000000000000000e+03
3.403000000000000000e+03
3.281000000000000000e+03
3.159000000000000000e+03
3.047000000000000000e+03
2.984000000000000000e+03
2.997000000000000000e+03
3.034000000000000000e+03
3.069000000000000000e+03
3.104000000000000000e+03
3.137000000000000000e+03
3.168000000000000000e+03
3.200000000000000000e+03
3.231000000000000000e+03
3.261000000000000000e+03
3.293000000000000000e+03
3.331000000000000000e+03
3.371000000000000000e+03
3.418000000000000000e+03
3.467000000000000000e+03
3.519000000000000000e+03
3.576000000000000000e+03
3.637000000000000000e+03
3.623000000000000000e+03
3.604000000000000000e+03
3.561000000000000000e+03
3.485000000000000000e+03
3.414000000000000000e+03
3.342000000000000000e+03
3.269000000000000000e+03
3.220000000000000000e+03
3.203000000000000000e+03
3.193000000000000000e+03
3.187000000000000000e+03
3.196000000000000000e+03
3.206000000000000000e+03
3.261000000000000000e+03
3.313000000000000000e+03
3.359000000000000000e+03
3.406000000000000000e+03
3.454000000000000000e+03
3.505000000000000000e+03
3.544000000000000000e+03
3.580000000000000000e+03
3.595000000000000000e+03
3.583000000000000000e+03
3.563000000000000000e+03
3.537000000000000000e+03
3.506000000000000000e+03
3.471000000000000000e+03
3.423000000000000000e+03
3.372000000000000000e+03
3.320000000000000000e+03
3.262000000000000000e+03
3.248000000000000000e+03
3.220000000000000000e+03
3.172000000000000000e+03
3.124000000000000000e+03
3.083000000000000000e+03
3.054000000000000000e+03
3.035000000000000000e+03
3.023000000000000000e+03
3.026000000000000000e+03
3.041000000000000000e+03
3.113000000000000000e+03
3.191000000000000000e+03
3.270000000000000000e+03
3.350000000000000000e+03
3.431000000000000000e+03
3.512000000000000000e+03
3.593000000000000000e+03
3.672000000000000000e+03
3.749000000000000000e+03
3.823000000000000000e+03
3.907000000000000000e+03
3.967000000000000000e+03
3.942000000000000000e+03
3.854000000000000000e+03
3.755000000000000000e+03
3.640000000000000000e+03
3.524000000000000000e+03
3.403000000000000000e+03
3.281000000000000000e+03
3.159000000000000000e+03
3.047000000000000000e+03
2.984000000000000000e+03
2.997000000000000000e+03
3.034000000000000000e+03
3.069000000000000000e+03
3.104000000000000000e+03
3.137000000000000000e+03
3.168000000000000000e+03
3.200000000000000000e+03
3.231000000000000000e+03
3.261000000000000000e+03
3.293000000000000000e+03
3.331000000000000000e+03
3.371000000000000000e+03
3.418000000000000000e+03
3.467000000000000000e+03
3.519000000000000000e+03
3.576000000000000000e+03
3.637000000000000000e+03
3.623000000000000000e+03
3.604000000000000000e+03
3.561000000000000000e+03
3.485000000000000000e+03
3.414000000000000000e+03
3.342000000000000000e+03
3.269000000000000000e+03
3.220000000000000000e+03
3.203000000000000000e+03
3.193000000000000000e+03
3.187000000000000000e+03
3.196000000000000000e+03
3.206000000000000000e+03
3.261000000000000000e+03
3.313000000000000000e+03
3.359000000000000000e+03
3.406000000000000000e+03
3.454000000000000000e+03
3.505000000000000000e+03
3.544000000000000000e+03
3.580000000000000000e+03
3.595000000000000000e+03
3.583000000000000000e+03
3.563000000000000000e+03
3.537000000000000000e+03
3.506000000000000000e+03
3.471000000000000000e+03
3.423000000000000000e+03
3.372000000000000000e+03
3.320000000000000000e+03
3.262000000000000000e+03
3.248000000000000000e+03
3.220000000000000000e+03
3.172000000000000000e+03
3.124000000000000000e+03
3.083000000000000000e+03
3.054000000000000000e+03
3.035000000000000000e+03
3.023000000000000000e+03
3.026000000000000000e+03
3.041000000000000000e+03
3.113000000000000000e+03
3.191000000000000000e+03
3.270000000000000000e+03
3.350000000000000000e+03
3.431000000000000000e+03
3.512000000000000000e+03
3.593000000000000000e+03
3.672000000000000000e+03
3.749000000000000000e+03
3.823000000000000000e+03
3.907000000000000000e+03
3.967000000000000000e+03
3.942000000000000000e+03
3.854000000000000000e+03
3.755000000000000000e+03
3.640000000000000000e+03
3.524000000000000000e+03
3.403000000000000000e+03
3.281000000000000000e+03
3.159000000000000000e+03
3.047000000000000000e+03
2.984000000000000000e+03
2.997000000000000000e+03
3.034000000000000000e+03
3.069000000000000000e+03
3.104000000000000000e+03
3.137000000000000000e+03
3.168000000000000000e+03
3.200000000000000000e+03
3.231000000000000000e+03
3.261000000000000000e+03
3.293000000000000000e+03
3.331000000000000000e+03
3.371000000000000000e+03
3.418000000000000000e+03
3.467000000000000000e+03
3.519000000000000000e+03
3.576000000000000000e+03
3.637000000000000000e+03
3.623000000000000000e+03
3.604000000000000000e+03
3.561000000000000000e+03
3.485000000000000000e+03
3.414000000000000000e+03
3.342000000000000000e+03
3.269000000000000000e+03
3.220000000000000000e+03
3.203000000000000000e+03
3.193000000000000000e+03
3.187000000000000000e+03
3.196000000000000000e+03
3.206000000000000000e+03
3.261000000000000000e+03
3.313000000000000000e+03
3.359000000000000000e+03
3.406000000000000000e+03
3.454000000000000000e+03
3.505000000000000000e+03
3.544000000000000000e+03
3.580000000000000000e+03
3.595000000000000000e+03
3.583000000000000000e+03
3.563000000000000000e+03
3.537000000000000000e+03
3.506000000000000000e+03
3.471000000000000000e+03
3.423000000000000000e+03
3.372000000000000000e+03
3.320000000000000000e+03
3.262000000000000000e+03
3.248000000000000000e+03
3.220000000000000000e+03
3.172000000000000000e+03
3.124000000000000000e+03
3.083000000000000000e+03
3.054000000000000000e+03
3.035000000000000000e+03
3.023000000000000000e+03
3.026000000000000000e+03
3.041000000000000000e+03
3.113000000000000000e+03
3.191000000000000000e+03
3.270000000000000000e+03
3.350000000000000000e+03
3.431000000000000000e+03
3.512000000000000000e+03
3.593000000000000000e+03
3.672000000000000000e+03
3.749000000000000000e+03
3.823000000000000000e+03
3.907000000000000000e+03
3.967000000000000000e+03
3.942000000000000000e+03
3.854000000000000000e+03
3.755000000000000000e+03
3.640000000000000000e+03
3.524000000000000000e+03
3.403000000000000000e+03
3.281000000000000000e+03
3.159000000000000000e+03
3.047000000000000000e+03
2.984000000000000000e+03
2.997000000000000000e+03
3.034000000000000000e+03
3.069000000000000000e+03
3.104000000000000000e+03
3.137000000000000000e+03
3.168000000000000000e+03
3.200000000000000000e+03
3.231000000000000000e+03
3.261000000000000000e+03
3.293000000000000000e+03
3.331000000000000000e+03
3.371000000000000000e+03
3.418000000000000000e+03
3.467000000000000000e+03
3.519000000000000000e+03
3.576000000000000000e+03
3.637000000000000000e+03
3.623000000000000000e+03
3.604000000000000000e+03
3.561000000000000000e+03
3.485000000000000000e+03
3.414000000000000000e+03
3.342000000000000000e+03
3.269000000000000000e+03
3.220000000000000000e+03
3.203000000000000000e+03
3.193000000000000000e+03
3.187000000000000000e+03
3.196000000000000000e+03
3.206000000000000000e+03
3.261000000000000000e+03
3.313000000000000000e+03
3.359000000000000000e+03
3.406000000000000000e+03
3.454000000000000000e+03
3.505000000000000000e+03
3.544000000000000000e+03
3.580000000000000000e+03
3.595000000000000000e+03
3.583000000000000000e+03
3.563000000000000000e+03
3.537000000000000000e+03
3.506000000000000000e+03
3.471000000000000000e+03
3.423000000000000000e+03
3.372000000000000000e+03
3.320000000000000000e+03
3.262000000000000000e+03
3.248000000000000000e+03
3.220000000000000000e+03
3.172000000000000000e+03
3.124000000000000000e+03
3.083000000000000000e+03
3.054000000000000000e+03
3.035000000000000000e+03
3.023000000000000000e+03
3.026000000000000000e+03
3.041000000000000000e+03
3.113000000000000000e+03
3.191000000000000000e+03
3.270000000000000000e+03
3.350000000000000000e+03
3.431000000000000000e+03
3.512000000000000000e+03
3.593000000000000000e+03
3.672000000000000000e+03
3.749000000000000000e+03
3.823000000000000000e+03
3.907000000000000000e+03
3.967000000000000000e+03
3.942000000000000000e+03
3.854000000000000000e+03
3.755000000000000000e+03
3.640000000000000000e+03
3.524000000000000000e+03
3.403000000000000000e+03
3.281000000000000000e+03
3.159000000000000000e+03
3.047000000000000000e+03
2.984000000000000000e+03
2.997000000000000000e+03
3.034000000000000000e+03
3.069000000000000000e+03
3.104000000000000000e+03
3.137000000000000000e+03
3.168000000000000000e+03
3.200000000000000000e+03
3.231000000000000000e+03
3.261000000000000000e+03
3.293000000000000000e+03
3.331000000000000000e+03
3.371000000000000000e+03
3.418000000000000000e+03
3.467000000000000000e+03
3.519000000000000000e+03
3.576000000000000000e+03
3.637000000000000000e+03
3.623000000000000000e+03
3.604000000000000000e+03
3.561000000000000000e+03
3.485000000000000000e+03
3.414000000000000000e+03
3.342000000000000000e+03
3.269000000000000000e+03
3.220000000000000000e+03
3.203000000000000000e+03
3.193000000000000000e+03
3.187000000000000000e+03
3.196000000000000000e+03
3.206000000000000000e+03
3.261000000000000000e+03
3.313000000000000000e+03
3.359000000000000000e+03
3.406000000000000000e+03
3.454000000000000000e+03
3.505000000000000000e+03
3.544000000000000000e+03
3.580000000000000000e+03
3.595000000000000000e+03
3.583000000000000000e+03
3.563000000000000000e+03
3.537000000000000000e+03
3.506000000000000000e+03
3.471000000000000000e+03
3.423000000000000000e+03
3.372000000000000000e+03
3.320000000000000000e+03
3.262000000000000000e+03
3.248000000000000000e+03
3.220000000000000000e+03
3.172000000000000000e+03
3.124000000000000000e+03
3.083000000000000000e+03
3.054000000000000000e+03
3.035000000000000000e+03
3.023000000000000000e+03
3.026000000000000000e+03
3.041000000000000000e+03
3.113000000000000000e+03
3.191000000000000000e+03
3.270000000000000000e+03
3.350000000000000000e+03
3.431000000000000000e+03
3.512000000000000000e+03
3.593000000000000000e+03
3.672000000000000000e+03
3.749000000000000000e+03
3.823000000000000000e+03
3.907000000000000000e+03
3.967000000000000000e+03
3.942000000000000000e+03
3.854000000000000000e+03
3.755000000000000000e+03
3.640000000000000000e+03
3.524000000000000000e+03
3.403000000000000000e+03
3.281000000000000000e+03
3.159000000000000000e+03
3.047000000000000000e+03
2.984000000000000000e+03
2.997000000000000000e+03
3.034000000000000000e+03
3.069000000000000000e+03
3.104000000000000000e+03
3.137000000000000000e+03
3.168000000000000000e+03
3.200000000000000000e+03
3.231000000000000000e+03
3.261000000000000000e+03
3.293000000000000000e+03
3.331000000000000000e+03
3.371000000000000000e+03
3.418000000000000000e+03
3.467000000000000000e+03
3.519000000000000000e+03
3.576000000000000000e+03
3.637000000000000000e+03
3.623000000000000000e+03
3.604000000000000000e+03
3.561000000000000000e+03
3.485000000000000000e+03
3.414000000000000000e+03
3.342000000000000000e+03
3.269000000000000000e+03
3.220000000000000000e+03
3.203000000000000000e+03
3.193000000000000000e+03
3.187000000000000000e+03
3.196000000000000000e+03
3.206000000000000000e+03
3.261000000000000000e+03
3.313000000000000000e+03
3.359000000000000000e+03
3.406000000000000000e+03
3.454000000000000000e+03
3.505000000000000000e+03
3.544000000000000000e+03
3.580000000000000000e+03
3.595000000000000000e+03
3.583000000000000000e+03
3.563000000000000000e+03
3.537000000000000000e+03
3.506000000000000000e+03
3.471000000000000000e+03
3.423000000000000000e+03
3.372000000000000000e+03
3.320000000000000000e+03
3.262000000000000000e+03
3.248000000000000000e+03
3.220000000000000000e+03
3.172000000000000000e+03
3.124000000000000000e+03
3.083000000000000000e+03
3.054000000000000000e+03
3.035000000000000000e+03
3.023000000000000000e+03
3.026000000000000000e+03
3.041000000000000000e+03
3.113000000000000000e+03
3.191000000000000000e+03
3.270000000000000000e+03
3.350000000000000000e+03
3.431000000000000000e+03
3.512000000000000000e+03
3.593000000000000000e+03
3.672000000000000000e+03
3.749000000000000000e+03
3.823000000000000000e+03
3.907000000000000000e+03
3.967000000000000000e+03
3.942000000000000000e+03
3.854000000000000000e+03
3.755000000000000000e+03
3.640000000000000000e+03
3.524000000000000000e+03
3.403000000000000000e+03
3.281000000000000000e+03
3.159000000000000000e+03
3.047000000000000000e+03
2.984000000000000000e+03
2.997000000000000000e+03
3.034000000000000000e+03
3.069000000000000000e+03
3.104000000000000000e+03
3.137000000000000000e+03
3.168000000000000000e+03
3.200000000000000000e+03
3.231000000000000000e+03
3.261000000000000000e+03
3.293000000000000000e+03
3.331000000000000000e+03
3.371000000000000000e+03
3.418000000000000000e+03
3.467000000000000000e+03
3.519000000000000000e+03
3.576000000000000000e+03
3.637000000000000000e+03
3.623000000000000000e+03
3.604000000000000000e+03
3.561000000000000000e+03
3.485000000000000000e+03
3.414000000000000000e+03
3.342000000000000000e+03
3.269000000000000000e+03
3.220000000000000000e+03
3.203000000000000000e+03
3.193000000000000000e+03
3.187000000000000000e+03
3.196000000000000000e+03
3.206000000000000000e+03
3.261000000000000000e+03
3.313000000000000000e+03
3.359000000000000000e+03
3.406000000000000000e+03
3.454000000000000000e+03
3.505000000000000000e+03
3.544000000000000000e+03
3.580000000000000000e+03
3.595000000000000000e+03
3.583000000000000000e+03
3.563000000000000000e+03
3.537000000000000000e+03
3.506000000000000000e+03
3.471000000000000000e+03
3.423000000000000000e+03
3.372000000000000000e+03
3.320000000000000000e+03
3.262000000000000000e+03
3.248000000000000000e+03
3.220000000000000000e+03
3.172000000000000000e+03
3.124000000000000000e+03
3.083000000000000000e+03
3.054000000000000000e+03
3.035000000000000000e+03
3.023000000000000000e+03
3.026000000000000000e+03
3.041000000000000000e+03
3.113000000000000000e+03
3.191000000000000000e+03
3.270000000000000000e+03
3.350000000000000000e+03
3.431000000000000000e+03
3.512000000000000000e+03
3.593000000000000000e+03
3.672000000000000000e+03
3.749000000000000000e+03
3.823000000000000000e+03
3.907000000000000000e+03
3.967000000000000000e+03
3.942000000000000000e+03
3.854000000000000000e+03
3.755000000000000000e+03
3.640000000000000000e+03
3.524000000000000000e+03
3.403000000000000000e+03
3.281000000000000000e+03
3.159000000000000000e+03
3.047000000000000000e+03
2.984000000000000000e+03
2.997000000000000000e+03
3.034000000000000000e+03
3.069000000000000000e+03
3.104000000000000000e+03
3.137000000000000000e+03
3.168000000000000000e+03
3.200000000000000000e+03
3.231000000000000000e+03
3.261000000000000000e+03
3.293000000000000000e+03
3.331000000000000000e+03
3.371000000000000000e+03
3.418000000000000000e+03
3.467000000000000000e+03
3.519000000000000000e+03
3.576000000000000000e+03
3.637000000000000000e+03
3.623000000000000000e+03
3.604000000000000000e+03
3.561000000000000000e+03
3.485000000000000000e+03
3.414000000000000000e+03
3.342000000000000000e+03
3.269000000000000000e+03
3.220000000000000000e+03
3.203000000000000000e+03
3.193000000000000000e+03
3.187000000000000000e+03
3.196000000000000000e+03
3.206000000000000000e+03
