p1, p2, p3, average minority fraction, variance
0.5, 0.0, 0.0, 0.0, 0.0
0.5, 0.0, 0.03, 0.0, 0.0
0.5, 0.0, 0.06, 0.0, 0.0
0.5, 0.0, 0.09, 0.0, 0.0
0.5, 0.0, 0.12, 0.0, 0.0
0.5, 0.0, 0.15, 0.0, 0.0
0.5, 0.0, 0.18, 0.0, 0.0
0.5, 0.0, 0.21, 0.0, 0.0
0.5, 0.0, 0.24, 0.0, 0.0
0.5, 0.0, 0.27, 0.0, 0.0
0.5, 0.03, 0.0, 0.0, 0.0
0.5, 0.03, 0.03, 0.0, 0.0
0.5, 0.03, 0.06, 0.0, 0.0
0.5, 0.03, 0.09, 0.0, 0.0
0.5, 0.03, 0.12, 0.0, 0.0
0.5, 0.03, 0.15, 0.0, 0.0
0.5, 0.03, 0.18, 1.3333333333333335e-05, 1.226666666666667e-08
0.5, 0.03, 0.21, 0.0, 0.0
0.5, 0.03, 0.24, 0.0002466666666666667, 6.920444444444445e-07
0.5, 0.03, 0.27, 0.0, 0.0
0.5, 0.06, 0.0, 0.0, 0.0
0.5, 0.06, 0.03, 0.0, 0.0
0.5, 0.06, 0.06, 4.444444444444445e-06, 1.7580246913580251e-09
0.5, 0.06, 0.09, 7.999999999999999e-05, 6.471111111111113e-08
0.5, 0.06, 0.12, 0.005242458100558659, 1.1831940326456725e-05
0.5, 0.06, 0.15, 0.0001511111111111111, 4.464987654320987e-07
0.5, 0.06, 0.18, 0.03092290502793296, 0.00023245595580662277
0.5, 0.06, 0.21, 0.03890279329608939, 0.0005193619475047596
0.5, 0.06, 0.24, 0.04816312849162012, 0.0001454259030617022
0.5, 0.06, 0.27, 0.048435754189944134, 0.00043368095627477294
0.5, 0.09, 0.0, 0.0, 0.0
0.5, 0.09, 0.03, 0.0, 0.0
0.5, 0.09, 0.06, 0.0, 0.0
0.5, 0.09, 0.09, 4.222222222222223e-05, 5.066172839506172e-08
0.5, 0.09, 0.12, 0.0168536312849162, 8.637209575231735e-05
0.5, 0.09, 0.15, 0.04468156424581005, 0.00025277971598888923
0.5, 0.09, 0.18, 0.054750837988826816, 0.0003641146780687245
0.5, 0.09, 0.21, 0.06364692737430168, 0.00037759690396679254
0.5, 0.09, 0.24, 0.07050949720670391, 0.00021560454667457322
0.5, 0.09, 0.27, 0.07918659217877096, 0.00019629926157111203
0.5, 0.12, 0.0, 0.0, 0.0
0.5, 0.12, 0.03, 0.00043333333333333326, 9.331111111111109e-07
0.5, 0.12, 0.06, 0.0, 0.0
0.5, 0.12, 0.09, 0.00010000000000000002, 1.526666666666666e-07
0.5, 0.12, 0.12, 0.03375418994413408, 0.00023118516400861394
0.5, 0.12, 0.15, 0.061928491620111735, 0.0001687332105739521
0.5, 0.12, 0.18, 0.0762122905027933, 0.00022874867575918355
0.5, 0.12, 0.21, 0.08692290502793297, 9.821148653287974e-05
0.5, 0.12, 0.24, 0.09762905027932961, 0.00010920943541087981
0.5, 0.12, 0.27, 0.10227932960893854, 0.0002534862207796261
0.5, 0.15, 0.0, 5.5555555555555565e-05, 1.9135802469135795e-08
0.5, 0.15, 0.03, 0.0003022222222222222, 4.5621728395061733e-07
0.5, 0.15, 0.06, 0.0006599999999999999, 2.489733333333333e-06
0.5, 0.15, 0.09, 0.016223463687150844, 0.0002047607902375082
0.5, 0.15, 0.12, 0.058621229050279326, 0.0001667202197184857
0.5, 0.15, 0.15, 0.07443798882681564, 0.00014844905964233327
0.5, 0.15, 0.18, 0.09198212290502791, 0.00013585308823070441
0.5, 0.15, 0.21, 0.10628156424581006, 7.769859867045349e-05
0.5, 0.15, 0.24, 0.1179932960893855, 0.0001079802902531132
0.5, 0.15, 0.27, 0.12709720670391061, 0.00010652440560531817
0.5, 0.18, 0.0, 0.00011333333333333334, 1.0537777777777779e-07
0.5, 0.18, 0.03, 0.0007, 3.6513333333333335e-06
0.5, 0.18, 0.06, 0.00022666666666666668, 4.2862222222222237e-07
0.5, 0.18, 0.09, 0.00043555555555555557, 1.5151802469135801e-06
0.5, 0.18, 0.12, 0.07362905027932962, 0.00021100161418182955
0.5, 0.18, 0.15, 0.0957117318435754, 0.00016015913610686308
0.5, 0.18, 0.18, 0.11412737430167597, 0.0001392257869604569
0.5, 0.18, 0.21, 0.12625474860335198, 9.271543834462096e-05
0.5, 0.18, 0.24, 0.13711955307262572, 9.559308136450173e-05
0.5, 0.18, 0.27, 0.14524469273743015, 9.234571205642771e-05
0.5, 0.21, 0.0, 7.555555555555556e-05, 1.2051358024691357e-07
0.5, 0.21, 0.03, 0.0006133333333333334, 4.747377777777779e-06
0.5, 0.21, 0.06, 0.004073333333333333, 4.001862222222223e-05
0.5, 0.21, 0.09, 0.0638949720670391, 0.0002914222652226834
0.5, 0.21, 0.12, 0.09917988826815642, 0.00021502618769701323
0.5, 0.21, 0.15, 0.11018547486033518, 0.00018080045941137914
0.5, 0.21, 0.18, 0.1268, 0.00010232491620111732
0.5, 0.21, 0.21, 0.1415731843575419, 8.67800630442246e-05
0.5, 0.21, 0.24, 0.15179217877094972, 0.00011267457569988452
0.5, 0.21, 0.27, 0.16277541899441342, 0.00010159582035516992
0.5, 0.24, 0.0, 4.444444444444445e-06, 1.7580246913580251e-09
0.5, 0.24, 0.03, 0.0002377777777777778, 8.545728395061729e-07
0.5, 0.24, 0.06, 0.04958882681564246, 0.00029366244499235355
0.5, 0.24, 0.09, 0.07386368715083798, 0.00038688912830436004
0.5, 0.24, 0.12, 0.11031061452513967, 0.00015066552978995664
0.5, 0.24, 0.15, 0.12410726256983241, 0.00019083542211541463
0.5, 0.24, 0.18, 0.13851396648044692, 0.00012916243063574795
0.5, 0.24, 0.21, 0.15465921787709497, 0.00012847805748884245
0.5, 0.24, 0.24, 0.16754189944134076, 0.0001037874623139103
0.5, 0.24, 0.27, 0.17849608938547487, 8.520104615960801e-05
0.5, 0.27, 0.0, 6.6666666666666675e-06, 4.399999999999998e-09
0.5, 0.27, 0.03, 5.333333333333334e-05, 1.056e-07
0.5, 0.27, 0.06, 0.05598435754189944, 0.00019693293967104646
0.5, 0.27, 0.09, 0.08454972067039106, 0.00041517400830186325
0.5, 0.27, 0.12, 0.11977877094972066, 0.0002669356387128991
0.5, 0.27, 0.15, 0.1406659217877095, 0.00010919319621734651
0.5, 0.27, 0.18, 0.15306145251396647, 0.00018605454761087356
0.5, 0.27, 0.21, 0.16905027932960892, 0.00011162272338566213
0.5, 0.27, 0.24, 0.17991508379888269, 7.55074261102962e-05
0.5, 0.27, 0.27, 0.1928826815642458, 0.00011954713023938079
