3.239999999999999825e-02
3.119999999999999857e-02
3.119999999999999857e-02
3.640000000000000180e-02
3.839999999999999664e-02
4.599999999999999922e-02
4.240000000000000019e-02
3.880000000000000115e-02
4.039999999999999841e-02
4.519999999999999712e-02
4.760000000000000342e-02
4.800000000000000100e-02
4.719999999999999890e-02
4.719999999999999890e-02
5.199999999999999761e-02
5.279999999999999971e-02
4.839999999999999858e-02
5.000000000000000278e-02
5.240000000000000213e-02
5.519999999999999907e-02
5.920000000000000262e-02
6.119999999999999746e-02
7.240000000000000602e-02
7.280000000000000360e-02
8.400000000000000522e-02
8.840000000000000635e-02
8.920000000000000151e-02
8.160000000000000586e-02
8.400000000000000522e-02
8.440000000000000280e-02
7.799999999999999989e-02
7.520000000000000295e-02
7.000000000000000666e-02
7.520000000000000295e-02
7.000000000000000666e-02
6.919999999999999762e-02
7.439999999999999392e-02
7.599999999999999811e-02
7.920000000000000651e-02
7.760000000000000231e-02
7.520000000000000295e-02
6.919999999999999762e-02
6.800000000000000488e-02
7.240000000000000602e-02
6.800000000000000488e-02
6.560000000000000553e-02
6.560000000000000553e-02
6.600000000000000311e-02
5.800000000000000294e-02
6.160000000000000198e-02
5.759999999999999842e-02
5.279999999999999971e-02
5.639999999999999875e-02
4.920000000000000068e-02
4.880000000000000310e-02
5.040000000000000036e-02
5.040000000000000036e-02
4.920000000000000068e-02
5.639999999999999875e-02
5.759999999999999842e-02
5.600000000000000117e-02
6.199999999999999956e-02
6.199999999999999956e-02
5.720000000000000084e-02
5.319999999999999729e-02
5.120000000000000245e-02
5.160000000000000003e-02
5.639999999999999875e-02
5.240000000000000213e-02
5.319999999999999729e-02
5.319999999999999729e-02
5.199999999999999761e-02
5.319999999999999729e-02
6.320000000000000617e-02
6.360000000000000375e-02
7.000000000000000666e-02
7.080000000000000182e-02
7.159999999999999698e-02
7.240000000000000602e-02
7.119999999999999940e-02
6.519999999999999407e-02
6.279999999999999472e-02
5.680000000000000326e-02
5.199999999999999761e-02
4.920000000000000068e-02
5.040000000000000036e-02
5.800000000000000294e-02
6.199999999999999956e-02
6.199999999999999956e-02
6.560000000000000553e-02
6.279999999999999472e-02
5.800000000000000294e-02
5.879999999999999810e-02
6.160000000000000198e-02
6.400000000000000133e-02
5.999999999999999778e-02
6.160000000000000198e-02
5.399999999999999939e-02
4.719999999999999890e-02
4.880000000000000310e-02
5.240000000000000213e-02
5.279999999999999971e-02
4.639999999999999680e-02
4.880000000000000310e-02
5.360000000000000181e-02
5.399999999999999939e-02
6.239999999999999714e-02
6.360000000000000375e-02
6.199999999999999956e-02
6.119999999999999746e-02
5.639999999999999875e-02
5.879999999999999810e-02
6.239999999999999714e-02
6.439999999999999891e-02
6.679999999999999827e-02
6.679999999999999827e-02
6.959999999999999520e-02
6.959999999999999520e-02
6.800000000000000488e-02
6.040000000000000230e-02
5.439999999999999697e-02
5.240000000000000213e-02
4.440000000000000197e-02
4.120000000000000051e-02
4.320000000000000229e-02
4.479999999999999954e-02
4.440000000000000197e-02
4.639999999999999680e-02
5.000000000000000278e-02
5.399999999999999939e-02
5.680000000000000326e-02
6.719999999999999585e-02
6.759999999999999343e-02
6.560000000000000553e-02
6.759999999999999343e-02
7.119999999999999940e-02
7.399999999999999634e-02
7.240000000000000602e-02
7.639999999999999569e-02
8.079999999999999682e-02
8.480000000000000038e-02
8.279999999999999860e-02
8.719999999999999973e-02
8.559999999999999554e-02
8.599999999999999312e-02
8.160000000000000586e-02
7.199999999999999456e-02
7.320000000000000118e-02
6.679999999999999827e-02
6.479999999999999649e-02
6.560000000000000553e-02
6.719999999999999585e-02
6.400000000000000133e-02
5.999999999999999778e-02
5.600000000000000117e-02
5.279999999999999971e-02
4.760000000000000342e-02
4.479999999999999954e-02
4.599999999999999922e-02
4.359999999999999987e-02
4.440000000000000197e-02
4.080000000000000293e-02
4.519999999999999712e-02
4.000000000000000083e-02
4.080000000000000293e-02
4.320000000000000229e-02
4.399999999999999745e-02
4.560000000000000164e-02
4.080000000000000293e-02
3.919999999999999873e-02
4.479999999999999954e-02
4.399999999999999745e-02
4.599999999999999922e-02
4.599999999999999922e-02
4.200000000000000261e-02
4.200000000000000261e-02
3.960000000000000325e-02
4.560000000000000164e-02
5.079999999999999793e-02
