4.279999999999999777e-02
4.440000000000000197e-02
4.279999999999999777e-02
4.599999999999999922e-02
5.399999999999999939e-02
5.840000000000000052e-02
6.160000000000000198e-02
6.360000000000000375e-02
6.679999999999999827e-02
6.719999999999999585e-02
7.199999999999999456e-02
7.359999999999999876e-02
7.799999999999999989e-02
8.039999999999999925e-02
8.840000000000000635e-02
9.320000000000000506e-02
9.360000000000000264e-02
9.600000000000000200e-02
9.719999999999999474e-02
9.679999999999999716e-02
9.639999999999999958e-02
9.679999999999999716e-02
8.799999999999999489e-02
8.240000000000000102e-02
8.319999999999999618e-02
8.719999999999999973e-02
8.880000000000000393e-02
8.599999999999999312e-02
8.680000000000000215e-02
8.480000000000000038e-02
8.119999999999999440e-02
7.520000000000000295e-02
6.959999999999999520e-02
6.479999999999999649e-02
6.199999999999999956e-02
5.920000000000000262e-02
6.959999999999999520e-02
6.479999999999999649e-02
6.199999999999999956e-02
6.199999999999999956e-02
7.280000000000000360e-02
7.560000000000000053e-02
7.720000000000000473e-02
8.119999999999999440e-02
7.839999999999999747e-02
8.240000000000000102e-02
8.599999999999999312e-02
8.599999999999999312e-02
8.759999999999999731e-02
7.960000000000000409e-02
7.520000000000000295e-02
7.240000000000000602e-02
6.880000000000000004e-02
6.560000000000000553e-02
7.320000000000000118e-02
7.280000000000000360e-02
7.280000000000000360e-02
7.399999999999999634e-02
7.439999999999999392e-02
6.959999999999999520e-02
6.640000000000000069e-02
6.119999999999999746e-02
6.880000000000000004e-02
6.759999999999999343e-02
6.360000000000000375e-02
6.759999999999999343e-02
7.359999999999999876e-02
7.720000000000000473e-02
8.079999999999999682e-02
8.039999999999999925e-02
7.599999999999999811e-02
7.960000000000000409e-02
8.680000000000000215e-02
8.599999999999999312e-02
8.440000000000000280e-02
8.200000000000000344e-02
7.439999999999999392e-02
7.240000000000000602e-02
7.320000000000000118e-02
6.560000000000000553e-02
6.719999999999999585e-02
7.760000000000000231e-02
7.920000000000000651e-02
9.520000000000000684e-02
9.160000000000000087e-02
9.039999999999999425e-02
8.480000000000000038e-02
8.119999999999999440e-02
7.359999999999999876e-02
7.280000000000000360e-02
6.679999999999999827e-02
5.840000000000000052e-02
6.320000000000000617e-02
6.199999999999999956e-02
6.239999999999999714e-02
6.199999999999999956e-02
6.519999999999999407e-02
6.360000000000000375e-02
7.199999999999999456e-02
6.759999999999999343e-02
6.679999999999999827e-02
7.760000000000000231e-02
7.720000000000000473e-02
7.679999999999999327e-02
7.560000000000000053e-02
7.839999999999999747e-02
7.879999999999999505e-02
7.280000000000000360e-02
7.000000000000000666e-02
7.480000000000000537e-02
7.000000000000000666e-02
6.840000000000000246e-02
5.519999999999999907e-02
5.199999999999999761e-02
5.360000000000000181e-02
5.480000000000000149e-02
6.239999999999999714e-02
6.600000000000000311e-02
6.479999999999999649e-02
6.800000000000000488e-02
6.919999999999999762e-02
6.880000000000000004e-02
7.280000000000000360e-02
7.119999999999999940e-02
7.199999999999999456e-02
6.919999999999999762e-02
7.080000000000000182e-02
7.720000000000000473e-02
7.639999999999999569e-02
7.240000000000000602e-02
7.480000000000000537e-02
7.320000000000000118e-02
7.560000000000000053e-02
7.920000000000000651e-02
8.440000000000000280e-02
8.959999999999999909e-02
8.959999999999999909e-02
9.080000000000000571e-02
9.719999999999999474e-02
9.639999999999999958e-02
9.360000000000000264e-02
8.719999999999999973e-02
9.080000000000000571e-02
9.080000000000000571e-02
9.400000000000000022e-02
9.639999999999999958e-02
9.679999999999999716e-02
9.160000000000000087e-02
8.799999999999999489e-02
9.320000000000000506e-02
9.080000000000000571e-02
8.959999999999999909e-02
9.039999999999999425e-02
7.920000000000000651e-02
8.200000000000000344e-02
7.920000000000000651e-02
7.359999999999999876e-02
6.840000000000000246e-02
6.479999999999999649e-02
6.719999999999999585e-02
6.519999999999999407e-02
6.320000000000000617e-02
6.560000000000000553e-02
6.360000000000000375e-02
6.320000000000000617e-02
5.800000000000000294e-02
5.439999999999999697e-02
5.360000000000000181e-02
5.439999999999999697e-02
5.600000000000000117e-02
5.720000000000000084e-02
6.040000000000000230e-02
6.439999999999999891e-02
6.880000000000000004e-02
6.439999999999999891e-02
7.480000000000000537e-02
8.160000000000000586e-02
8.599999999999999312e-02
8.959999999999999909e-02
