1.519999999999999997e-02
1.359999999999999924e-02
1.039999999999999952e-02
1.159999999999999920e-02
8.399999999999999481e-03
8.399999999999999481e-03
6.400000000000000307e-03
6.000000000000000125e-03
7.599999999999999985e-03
8.399999999999999481e-03
7.599999999999999985e-03
8.000000000000000167e-03
8.399999999999999481e-03
8.399999999999999481e-03
8.800000000000000530e-03
1.000000000000000021e-02
9.599999999999999159e-03
1.039999999999999952e-02
1.159999999999999920e-02
1.239999999999999956e-02
1.519999999999999997e-02
1.600000000000000033e-02
1.480000000000000066e-02
1.640000000000000138e-02
1.760000000000000106e-02
1.720000000000000001e-02
1.839999999999999969e-02
1.959999999999999937e-02
1.839999999999999969e-02
1.640000000000000138e-02
1.600000000000000033e-02
1.799999999999999864e-02
1.799999999999999864e-02
2.120000000000000009e-02
2.000000000000000042e-02
2.079999999999999905e-02
1.839999999999999969e-02
1.480000000000000066e-02
1.480000000000000066e-02
1.400000000000000029e-02
1.359999999999999924e-02
1.280000000000000061e-02
1.359999999999999924e-02
1.400000000000000029e-02
1.480000000000000066e-02
1.519999999999999997e-02
1.480000000000000066e-02
1.400000000000000029e-02
1.280000000000000061e-02
1.000000000000000021e-02
8.800000000000000530e-03
7.599999999999999985e-03
6.400000000000000307e-03
6.799999999999999621e-03
5.199999999999999761e-03
5.199999999999999761e-03
4.000000000000000083e-03
3.599999999999999901e-03
2.799999999999999972e-03
2.000000000000000042e-03
2.000000000000000042e-03
1.600000000000000077e-03
1.199999999999999895e-03
8.000000000000000383e-04
8.000000000000000383e-04
8.000000000000000383e-04
4.000000000000000192e-04
4.000000000000000192e-04
0.000000000000000000e+00
0.000000000000000000e+00
0.000000000000000000e+00
0.000000000000000000e+00
0.000000000000000000e+00
0.000000000000000000e+00
0.000000000000000000e+00
0.000000000000000000e+00
0.000000000000000000e+00
0.000000000000000000e+00
0.000000000000000000e+00
0.000000000000000000e+00
0.000000000000000000e+00
0.000000000000000000e+00
0.000000000000000000e+00
0.000000000000000000e+00
0.000000000000000000e+00
0.000000000000000000e+00
0.000000000000000000e+00
0.000000000000000000e+00
0.000000000000000000e+00
0.000000000000000000e+00
0.000000000000000000e+00
0.000000000000000000e+00
0.000000000000000000e+00
0.000000000000000000e+00
0.000000000000000000e+00
0.000000000000000000e+00
0.000000000000000000e+00
0.000000000000000000e+00
0.000000000000000000e+00
0.000000000000000000e+00
0.000000000000000000e+00
0.000000000000000000e+00
0.000000000000000000e+00
0.000000000000000000e+00
0.000000000000000000e+00
0.000000000000000000e+00
0.000000000000000000e+00
0.000000000000000000e+00
0.000000000000000000e+00
0.000000000000000000e+00
0.000000000000000000e+00
0.000000000000000000e+00
0.000000000000000000e+00
0.000000000000000000e+00
0.000000000000000000e+00
0.000000000000000000e+00
0.000000000000000000e+00
0.000000000000000000e+00
0.000000000000000000e+00
0.000000000000000000e+00
0.000000000000000000e+00
0.000000000000000000e+00
0.000000000000000000e+00
0.000000000000000000e+00
0.000000000000000000e+00
0.000000000000000000e+00
0.000000000000000000e+00
0.000000000000000000e+00
0.000000000000000000e+00
0.000000000000000000e+00
0.000000000000000000e+00
0.000000000000000000e+00
0.000000000000000000e+00
0.000000000000000000e+00
0.000000000000000000e+00
0.000000000000000000e+00
0.000000000000000000e+00
0.000000000000000000e+00
0.000000000000000000e+00
0.000000000000000000e+00
0.000000000000000000e+00
0.000000000000000000e+00
0.000000000000000000e+00
0.000000000000000000e+00
0.000000000000000000e+00
0.000000000000000000e+00
0.000000000000000000e+00
0.000000000000000000e+00
0.000000000000000000e+00
0.000000000000000000e+00
0.000000000000000000e+00
0.000000000000000000e+00
0.000000000000000000e+00
0.000000000000000000e+00
0.000000000000000000e+00
0.000000000000000000e+00
0.000000000000000000e+00
0.000000000000000000e+00
0.000000000000000000e+00
0.000000000000000000e+00
0.000000000000000000e+00
0.000000000000000000e+00
0.000000000000000000e+00
0.000000000000000000e+00
0.000000000000000000e+00
0.000000000000000000e+00
0.000000000000000000e+00
0.000000000000000000e+00
0.000000000000000000e+00
0.000000000000000000e+00
0.000000000000000000e+00
0.000000000000000000e+00
0.000000000000000000e+00
0.000000000000000000e+00
0.000000000000000000e+00
0.000000000000000000e+00
0.000000000000000000e+00
0.000000000000000000e+00
0.000000000000000000e+00
0.000000000000000000e+00
