1.660000000000000087e-01
1.668000000000000038e-01
1.671999999999999875e-01
1.748000000000000109e-01
1.807999999999999885e-01
1.779999999999999916e-01
1.900000000000000022e-01
1.819999999999999951e-01
1.827999999999999903e-01
1.971999999999999864e-01
1.915999999999999925e-01
1.804000000000000048e-01
1.756000000000000061e-01
1.683999999999999941e-01
1.691999999999999893e-01
1.812000000000000000e-01
1.668000000000000038e-01
1.691999999999999893e-01
1.867999999999999938e-01
1.852000000000000035e-01
1.723999999999999977e-01
1.771999999999999964e-01
1.852000000000000035e-01
1.968000000000000027e-01
1.943999999999999895e-01
1.900000000000000022e-01
1.963999999999999913e-01
1.799999999999999933e-01
1.620000000000000051e-01
1.663999999999999924e-01
1.716000000000000025e-01
1.711999999999999911e-01
1.787999999999999867e-01
1.859999999999999987e-01
1.907999999999999974e-01
1.900000000000000022e-01
1.812000000000000000e-01
1.836000000000000132e-01
1.855999999999999872e-01
1.719999999999999862e-01
1.844000000000000083e-01
1.728000000000000091e-01
1.779999999999999916e-01
1.675999999999999990e-01
1.748000000000000109e-01
1.847999999999999921e-01
1.875999999999999890e-01
1.872000000000000053e-01
1.779999999999999916e-01
1.880000000000000004e-01
1.884000000000000119e-01
1.864000000000000101e-01
1.923999999999999877e-01
1.880000000000000004e-01
1.804000000000000048e-01
1.708000000000000074e-01
1.635999999999999954e-01
1.708000000000000074e-01
1.884000000000000119e-01
2.008000000000000063e-01
2.000000000000000111e-01
1.804000000000000048e-01
1.731999999999999929e-01
1.771999999999999964e-01
1.804000000000000048e-01
1.771999999999999964e-01
1.751999999999999946e-01
1.771999999999999964e-01
1.728000000000000091e-01
1.723999999999999977e-01
1.719999999999999862e-01
1.864000000000000101e-01
1.952000000000000124e-01
1.940000000000000058e-01
1.907999999999999974e-01
1.824000000000000066e-01
1.812000000000000000e-01
1.827999999999999903e-01
1.847999999999999921e-01
1.864000000000000101e-01
1.791999999999999982e-01
1.736000000000000043e-01
1.736000000000000043e-01
1.708000000000000074e-01
1.743999999999999995e-01
1.708000000000000074e-01
1.648000000000000020e-01
1.680000000000000104e-01
1.623999999999999888e-01
1.628000000000000003e-01
1.711999999999999911e-01
1.872000000000000053e-01
1.948000000000000009e-01
1.980000000000000093e-01
1.880000000000000004e-01
1.923999999999999877e-01
1.948000000000000009e-01
1.867999999999999938e-01
1.799999999999999933e-01
1.768000000000000127e-01
1.655999999999999972e-01
1.615999999999999936e-01
1.756000000000000061e-01
1.748000000000000109e-01
1.708000000000000074e-01
1.719999999999999862e-01
1.855999999999999872e-01
1.824000000000000066e-01
1.796000000000000096e-01
1.847999999999999921e-01
1.768000000000000127e-01
1.855999999999999872e-01
1.943999999999999895e-01
1.723999999999999977e-01
1.743999999999999995e-01
1.607999999999999985e-01
1.748000000000000109e-01
1.796000000000000096e-01
1.739999999999999880e-01
1.768000000000000127e-01
1.819999999999999951e-01
1.751999999999999946e-01
1.584000000000000130e-01
1.816000000000000114e-01
1.743999999999999995e-01
1.759999999999999898e-01
1.904000000000000137e-01
1.804000000000000048e-01
1.615999999999999936e-01
1.675999999999999990e-01
1.784000000000000030e-01
1.872000000000000053e-01
1.787999999999999867e-01
1.764000000000000012e-01
1.768000000000000127e-01
1.764000000000000012e-01
1.827999999999999903e-01
1.791999999999999982e-01
1.751999999999999946e-01
1.751999999999999946e-01
1.907999999999999974e-01
1.799999999999999933e-01
1.791999999999999982e-01
1.671999999999999875e-01
1.620000000000000051e-01
1.796000000000000096e-01
1.884000000000000119e-01
1.836000000000000132e-01
1.779999999999999916e-01
1.887999999999999956e-01
1.804000000000000048e-01
1.751999999999999946e-01
1.784000000000000030e-01
1.688000000000000056e-01
1.776000000000000079e-01
1.700000000000000122e-01
1.671999999999999875e-01
1.796000000000000096e-01
1.776000000000000079e-01
1.807999999999999885e-01
1.799999999999999933e-01
1.807999999999999885e-01
1.743999999999999995e-01
1.807999999999999885e-01
1.675999999999999990e-01
1.723999999999999977e-01
1.592000000000000082e-01
1.623999999999999888e-01
1.643999999999999906e-01
1.643999999999999906e-01
1.620000000000000051e-01
1.751999999999999946e-01
1.728000000000000091e-01
1.776000000000000079e-01
1.680000000000000104e-01
1.751999999999999946e-01
1.819999999999999951e-01
1.887999999999999956e-01
1.960000000000000075e-01
