1.400000000000000029e-02
1.400000000000000029e-02
1.319999999999999993e-02
1.159999999999999920e-02
1.359999999999999924e-02
1.480000000000000066e-02
1.559999999999999928e-02
1.880000000000000074e-02
1.839999999999999969e-02
1.880000000000000074e-02
2.120000000000000009e-02
1.919999999999999832e-02
2.000000000000000042e-02
1.880000000000000074e-02
2.040000000000000147e-02
2.239999999999999977e-02
2.479999999999999913e-02
2.520000000000000018e-02
2.719999999999999848e-02
2.999999999999999889e-02
3.039999999999999994e-02
3.400000000000000244e-02
3.400000000000000244e-02
4.159999999999999809e-02
5.000000000000000278e-02
5.559999999999999665e-02
6.279999999999999472e-02
6.320000000000000617e-02
6.800000000000000488e-02
6.600000000000000311e-02
6.320000000000000617e-02
6.479999999999999649e-02
6.439999999999999891e-02
6.719999999999999585e-02
5.960000000000000020e-02
5.960000000000000020e-02
5.680000000000000326e-02
5.519999999999999907e-02
5.519999999999999907e-02
5.160000000000000003e-02
4.560000000000000164e-02
4.639999999999999680e-02
4.479999999999999954e-02
4.639999999999999680e-02
4.479999999999999954e-02
4.880000000000000310e-02
5.079999999999999793e-02
5.800000000000000294e-02
6.239999999999999714e-02
6.560000000000000553e-02
7.280000000000000360e-02
7.799999999999999989e-02
8.480000000000000038e-02
8.440000000000000280e-02
7.799999999999999989e-02
8.119999999999999440e-02
7.359999999999999876e-02
6.640000000000000069e-02
6.360000000000000375e-02
6.239999999999999714e-02
5.800000000000000294e-02
5.160000000000000003e-02
4.719999999999999890e-02
4.359999999999999987e-02
4.359999999999999987e-02
4.200000000000000261e-02
4.200000000000000261e-02
4.320000000000000229e-02
4.719999999999999890e-02
5.360000000000000181e-02
5.559999999999999665e-02
5.879999999999999810e-02
5.600000000000000117e-02
5.999999999999999778e-02
6.479999999999999649e-02
6.759999999999999343e-02
7.040000000000000424e-02
6.840000000000000246e-02
6.479999999999999649e-02
6.119999999999999746e-02
5.199999999999999761e-02
5.399999999999999939e-02
5.920000000000000262e-02
6.040000000000000230e-02
5.800000000000000294e-02
6.360000000000000375e-02
5.879999999999999810e-02
5.480000000000000149e-02
5.360000000000000181e-02
5.279999999999999971e-02
5.079999999999999793e-02
5.480000000000000149e-02
5.600000000000000117e-02
5.519999999999999907e-02
5.600000000000000117e-02
5.879999999999999810e-02
5.840000000000000052e-02
5.480000000000000149e-02
5.439999999999999697e-02
5.559999999999999665e-02
5.360000000000000181e-02
6.040000000000000230e-02
6.840000000000000246e-02
6.519999999999999407e-02
6.560000000000000553e-02
5.480000000000000149e-02
4.719999999999999890e-02
4.080000000000000293e-02
3.919999999999999873e-02
3.880000000000000115e-02
4.080000000000000293e-02
3.760000000000000148e-02
4.320000000000000229e-02
5.040000000000000036e-02
5.160000000000000003e-02
5.199999999999999761e-02
4.920000000000000068e-02
4.800000000000000100e-02
5.040000000000000036e-02
5.040000000000000036e-02
5.120000000000000245e-02
4.920000000000000068e-02
4.639999999999999680e-02
3.919999999999999873e-02
3.200000000000000067e-02
2.960000000000000131e-02
2.520000000000000018e-02
2.479999999999999913e-02
2.400000000000000050e-02
2.400000000000000050e-02
2.599999999999999881e-02
2.400000000000000050e-02
2.719999999999999848e-02
2.319999999999999840e-02
1.839999999999999969e-02
1.919999999999999832e-02
2.120000000000000009e-02
2.479999999999999913e-02
2.759999999999999953e-02
2.960000000000000131e-02
3.239999999999999825e-02
3.760000000000000148e-02
4.080000000000000293e-02
4.639999999999999680e-02
5.079999999999999793e-02
4.920000000000000068e-02
5.079999999999999793e-02
5.160000000000000003e-02
5.559999999999999665e-02
5.999999999999999778e-02
6.519999999999999407e-02
7.240000000000000602e-02
7.799999999999999989e-02
7.839999999999999747e-02
7.679999999999999327e-02
7.040000000000000424e-02
6.360000000000000375e-02
5.800000000000000294e-02
5.920000000000000262e-02
5.680000000000000326e-02
5.920000000000000262e-02
5.639999999999999875e-02
5.879999999999999810e-02
6.320000000000000617e-02
6.439999999999999891e-02
6.519999999999999407e-02
6.759999999999999343e-02
6.479999999999999649e-02
6.880000000000000004e-02
7.000000000000000666e-02
7.000000000000000666e-02
6.560000000000000553e-02
6.119999999999999746e-02
6.040000000000000230e-02
6.119999999999999746e-02
5.680000000000000326e-02
5.360000000000000181e-02
4.839999999999999858e-02
4.680000000000000132e-02
