3.039999999999999994e-02
2.999999999999999889e-02
3.200000000000000067e-02
3.559999999999999970e-02
3.119999999999999857e-02
2.759999999999999953e-02
2.599999999999999881e-02
2.639999999999999986e-02
2.960000000000000131e-02
2.800000000000000058e-02
2.759999999999999953e-02
3.080000000000000099e-02
2.879999999999999921e-02
3.039999999999999994e-02
3.119999999999999857e-02
3.479999999999999760e-02
3.359999999999999792e-02
3.400000000000000244e-02
3.719999999999999696e-02
3.719999999999999696e-02
4.000000000000000083e-02
4.080000000000000293e-02
4.000000000000000083e-02
4.320000000000000229e-02
4.680000000000000132e-02
5.279999999999999971e-02
5.879999999999999810e-02
5.960000000000000020e-02
6.600000000000000311e-02
6.759999999999999343e-02
7.119999999999999940e-02
7.799999999999999989e-02
8.200000000000000344e-02
9.360000000000000264e-02
9.439999999999999780e-02
9.320000000000000506e-02
8.719999999999999973e-02
8.799999999999999489e-02
8.440000000000000280e-02
8.079999999999999682e-02
7.799999999999999989e-02
7.119999999999999940e-02
6.759999999999999343e-02
6.759999999999999343e-02
6.360000000000000375e-02
5.680000000000000326e-02
6.239999999999999714e-02
6.439999999999999891e-02
6.439999999999999891e-02
6.560000000000000553e-02
6.640000000000000069e-02
6.719999999999999585e-02
6.840000000000000246e-02
6.439999999999999891e-02
6.600000000000000311e-02
6.040000000000000230e-02
6.360000000000000375e-02
6.519999999999999407e-02
6.840000000000000246e-02
6.679999999999999827e-02
5.920000000000000262e-02
5.680000000000000326e-02
5.519999999999999907e-02
5.600000000000000117e-02
5.319999999999999729e-02
5.040000000000000036e-02
4.639999999999999680e-02
4.440000000000000197e-02
4.719999999999999890e-02
4.880000000000000310e-02
5.079999999999999793e-02
4.839999999999999858e-02
4.920000000000000068e-02
4.800000000000000100e-02
5.000000000000000278e-02
4.839999999999999858e-02
5.079999999999999793e-02
5.079999999999999793e-02
5.160000000000000003e-02
5.720000000000000084e-02
5.199999999999999761e-02
5.399999999999999939e-02
5.879999999999999810e-02
6.199999999999999956e-02
7.080000000000000182e-02
7.879999999999999505e-02
8.599999999999999312e-02
9.160000000000000087e-02
9.439999999999999780e-02
8.999999999999999667e-02
8.719999999999999973e-02
8.440000000000000280e-02
8.359999999999999376e-02
7.599999999999999811e-02
7.199999999999999456e-02
6.919999999999999762e-02
6.919999999999999762e-02
6.479999999999999649e-02
6.040000000000000230e-02
5.759999999999999842e-02
5.600000000000000117e-02
5.800000000000000294e-02
5.920000000000000262e-02
5.960000000000000020e-02
5.800000000000000294e-02
6.320000000000000617e-02
6.239999999999999714e-02
6.119999999999999746e-02
6.239999999999999714e-02
6.759999999999999343e-02
6.919999999999999762e-02
6.759999999999999343e-02
6.519999999999999407e-02
6.239999999999999714e-02
5.879999999999999810e-02
6.239999999999999714e-02
6.640000000000000069e-02
7.439999999999999392e-02
7.560000000000000053e-02
7.399999999999999634e-02
7.920000000000000651e-02
8.559999999999999554e-02
8.759999999999999731e-02
8.799999999999999489e-02
8.999999999999999667e-02
8.959999999999999909e-02
8.999999999999999667e-02
9.080000000000000571e-02
8.880000000000000393e-02
8.680000000000000215e-02
8.400000000000000522e-02
8.599999999999999312e-02
8.440000000000000280e-02
8.279999999999999860e-02
8.840000000000000635e-02
8.240000000000000102e-02
7.679999999999999327e-02
6.719999999999999585e-02
6.279999999999999472e-02
5.800000000000000294e-02
5.759999999999999842e-02
5.559999999999999665e-02
5.559999999999999665e-02
5.680000000000000326e-02
6.040000000000000230e-02
6.279999999999999472e-02
6.759999999999999343e-02
7.119999999999999940e-02
7.040000000000000424e-02
7.159999999999999698e-02
6.800000000000000488e-02
6.479999999999999649e-02
6.640000000000000069e-02
6.719999999999999585e-02
7.040000000000000424e-02
6.919999999999999762e-02
6.959999999999999520e-02
6.840000000000000246e-02
6.919999999999999762e-02
6.880000000000000004e-02
7.520000000000000295e-02
7.639999999999999569e-02
7.000000000000000666e-02
7.199999999999999456e-02
7.520000000000000295e-02
7.639999999999999569e-02
8.319999999999999618e-02
9.279999999999999361e-02
9.360000000000000264e-02
8.799999999999999489e-02
8.319999999999999618e-02
7.599999999999999811e-02
6.600000000000000311e-02
5.680000000000000326e-02
6.160000000000000198e-02
6.160000000000000198e-02
6.199999999999999956e-02
6.320000000000000617e-02
6.479999999999999649e-02
