1.164000000000000035e-01
1.188000000000000028e-01
1.155999999999999944e-01
1.144000000000000017e-01
1.092000000000000054e-01
1.103999999999999981e-01
1.283999999999999864e-01
1.468000000000000138e-01
1.524000000000000077e-01
1.532000000000000028e-01
1.555999999999999883e-01
1.603999999999999870e-01
1.703999999999999959e-01
1.675999999999999990e-01
1.555999999999999883e-01
1.439999999999999891e-01
1.343999999999999917e-01
1.351999999999999869e-01
1.264000000000000123e-01
1.195999999999999980e-01
1.151999999999999968e-01
1.147999999999999993e-01
1.168000000000000010e-01
1.076000000000000012e-01
1.004000000000000031e-01
1.019999999999999934e-01
1.008000000000000007e-01
1.028000000000000025e-01
1.063999999999999946e-01
1.092000000000000054e-01
1.083999999999999964e-01
1.092000000000000054e-01
9.560000000000000442e-02
1.052000000000000018e-01
1.103999999999999981e-01
1.123999999999999999e-01
1.171999999999999986e-01
1.175999999999999962e-01
1.171999999999999986e-01
1.243999999999999967e-01
1.188000000000000028e-01
1.215999999999999998e-01
1.343999999999999917e-01
1.368000000000000049e-01
1.340000000000000080e-01
1.260000000000000009e-01
1.168000000000000010e-01
1.188000000000000028e-01
1.203999999999999931e-01
1.188000000000000028e-01
1.140000000000000041e-01
1.068000000000000060e-01
1.015999999999999959e-01
1.079999999999999988e-01
1.131999999999999951e-01
1.111999999999999933e-01
1.116000000000000048e-01
1.155999999999999944e-01
1.096000000000000030e-01
1.100000000000000006e-01
1.171999999999999986e-01
1.232000000000000040e-01
1.348000000000000032e-01
1.371999999999999886e-01
1.396000000000000019e-01
1.444000000000000006e-01
1.471999999999999975e-01
1.552000000000000046e-01
1.567999999999999949e-01
1.499999999999999944e-01
1.391999999999999904e-01
1.300000000000000044e-01
1.199999999999999956e-01
1.155999999999999944e-01
1.052000000000000018e-01
1.052000000000000018e-01
1.019999999999999934e-01
1.008000000000000007e-01
9.520000000000000684e-02
9.879999999999999893e-02
1.055999999999999994e-01
9.919999999999999651e-02
1.052000000000000018e-01
1.140000000000000041e-01
1.243999999999999967e-01
1.212000000000000022e-01
1.247999999999999943e-01
1.300000000000000044e-01
1.320000000000000062e-01
1.328000000000000014e-01
1.323999999999999899e-01
1.307999999999999996e-01
1.275999999999999912e-01
1.168000000000000010e-01
1.136000000000000065e-01
1.184000000000000052e-01
1.107999999999999957e-01
1.052000000000000018e-01
9.760000000000000620e-02
1.004000000000000031e-01
1.019999999999999934e-01
9.600000000000000200e-02
9.959999999999999409e-02
1.019999999999999934e-01
1.123999999999999999e-01
1.184000000000000052e-01
1.140000000000000041e-01
1.212000000000000022e-01
1.212000000000000022e-01
1.252000000000000057e-01
1.215999999999999998e-01
1.168000000000000010e-01
1.199999999999999956e-01
1.219999999999999973e-01
1.228000000000000064e-01
1.255999999999999894e-01
1.307999999999999996e-01
1.300000000000000044e-01
1.295999999999999930e-01
1.283999999999999864e-01
1.260000000000000009e-01
1.332000000000000128e-01
1.315999999999999948e-01
1.371999999999999886e-01
1.343999999999999917e-01
1.340000000000000080e-01
1.388000000000000067e-01
1.491999999999999993e-01
1.468000000000000138e-01
1.428000000000000103e-01
1.351999999999999869e-01
1.267999999999999960e-01
1.236000000000000015e-01
1.223999999999999949e-01
1.223999999999999949e-01
1.195999999999999980e-01
1.175999999999999962e-01
1.140000000000000041e-01
1.107999999999999957e-01
1.111999999999999933e-01
1.068000000000000060e-01
1.052000000000000018e-01
1.063999999999999946e-01
1.087999999999999939e-01
1.195999999999999980e-01
1.171999999999999986e-01
1.160000000000000059e-01
1.208000000000000046e-01
1.212000000000000022e-01
1.272000000000000075e-01
1.212000000000000022e-01
1.155999999999999944e-01
1.127999999999999975e-01
1.215999999999999998e-01
1.252000000000000057e-01
1.236000000000000015e-01
1.260000000000000009e-01
1.307999999999999996e-01
1.287999999999999978e-01
1.267999999999999960e-01
1.315999999999999948e-01
1.332000000000000128e-01
1.307999999999999996e-01
1.328000000000000014e-01
1.264000000000000123e-01
1.188000000000000028e-01
1.107999999999999957e-01
1.076000000000000012e-01
9.719999999999999474e-02
9.520000000000000684e-02
9.600000000000000200e-02
9.279999999999999361e-02
9.279999999999999361e-02
8.920000000000000151e-02
8.599999999999999312e-02
8.680000000000000215e-02
8.759999999999999731e-02
8.680000000000000215e-02
8.240000000000000102e-02
