4.680000000000000132e-02
4.399999999999999745e-02
4.240000000000000019e-02
4.359999999999999987e-02
4.359999999999999987e-02
4.920000000000000068e-02
4.760000000000000342e-02
5.079999999999999793e-02
6.079999999999999988e-02
6.759999999999999343e-02
7.280000000000000360e-02
7.159999999999999698e-02
7.000000000000000666e-02
8.200000000000000344e-02
9.160000000000000087e-02
9.239999999999999603e-02
9.320000000000000506e-02
9.679999999999999716e-02
1.019999999999999934e-01
1.032000000000000001e-01
1.072000000000000036e-01
1.000000000000000056e-01
1.048000000000000043e-01
1.052000000000000018e-01
9.879999999999999893e-02
9.639999999999999958e-02
8.799999999999999489e-02
9.039999999999999425e-02
8.160000000000000586e-02
9.400000000000000022e-02
9.639999999999999958e-02
1.083999999999999964e-01
1.120000000000000023e-01
1.123999999999999999e-01
1.171999999999999986e-01
1.179999999999999938e-01
1.147999999999999993e-01
1.092000000000000054e-01
1.068000000000000060e-01
1.100000000000000006e-01
1.103999999999999981e-01
1.079999999999999988e-01
1.011999999999999983e-01
9.560000000000000442e-02
8.840000000000000635e-02
8.799999999999999489e-02
8.319999999999999618e-02
9.199999999999999845e-02
8.319999999999999618e-02
8.240000000000000102e-02
7.560000000000000053e-02
7.280000000000000360e-02
7.280000000000000360e-02
7.399999999999999634e-02
7.399999999999999634e-02
6.640000000000000069e-02
6.279999999999999472e-02
6.320000000000000617e-02
6.600000000000000311e-02
6.600000000000000311e-02
6.040000000000000230e-02
5.800000000000000294e-02
6.160000000000000198e-02
5.759999999999999842e-02
5.319999999999999729e-02
5.160000000000000003e-02
5.040000000000000036e-02
4.920000000000000068e-02
5.319999999999999729e-02
6.439999999999999891e-02
6.800000000000000488e-02
7.199999999999999456e-02
7.040000000000000424e-02
7.720000000000000473e-02
8.559999999999999554e-02
1.000000000000000056e-01
1.136000000000000065e-01
1.292000000000000093e-01
1.376000000000000001e-01
1.491999999999999993e-01
1.532000000000000028e-01
1.408000000000000085e-01
1.264000000000000123e-01
1.136000000000000065e-01
1.103999999999999981e-01
1.072000000000000036e-01
1.039999999999999952e-01
1.072000000000000036e-01
1.019999999999999934e-01
1.015999999999999959e-01
1.015999999999999959e-01
1.000000000000000056e-01
9.639999999999999958e-02
9.279999999999999361e-02
9.320000000000000506e-02
1.011999999999999983e-01
1.044000000000000067e-01
1.011999999999999983e-01
1.039999999999999952e-01
1.107999999999999957e-01
1.052000000000000018e-01
1.019999999999999934e-01
1.024000000000000049e-01
9.879999999999999893e-02
9.919999999999999651e-02
9.520000000000000684e-02
9.199999999999999845e-02
9.039999999999999425e-02
8.319999999999999618e-02
7.679999999999999327e-02
7.240000000000000602e-02
6.800000000000000488e-02
6.840000000000000246e-02
6.600000000000000311e-02
7.080000000000000182e-02
7.520000000000000295e-02
7.679999999999999327e-02
7.599999999999999811e-02
7.280000000000000360e-02
7.879999999999999505e-02
7.480000000000000537e-02
7.639999999999999569e-02
7.439999999999999392e-02
8.039999999999999925e-02
8.119999999999999440e-02
7.839999999999999747e-02
8.000000000000000167e-02
8.079999999999999682e-02
7.879999999999999505e-02
7.720000000000000473e-02
7.839999999999999747e-02
7.599999999999999811e-02
7.560000000000000053e-02
7.679999999999999327e-02
7.560000000000000053e-02
7.960000000000000409e-02
8.119999999999999440e-02
7.920000000000000651e-02
8.119999999999999440e-02
9.160000000000000087e-02
9.560000000000000442e-02
9.479999999999999538e-02
9.039999999999999425e-02
9.639999999999999958e-02
9.239999999999999603e-02
9.600000000000000200e-02
8.959999999999999909e-02
8.799999999999999489e-02
8.759999999999999731e-02
8.719999999999999973e-02
8.680000000000000215e-02
9.160000000000000087e-02
8.480000000000000038e-02
8.279999999999999860e-02
8.200000000000000344e-02
7.320000000000000118e-02
7.000000000000000666e-02
6.360000000000000375e-02
6.079999999999999988e-02
6.360000000000000375e-02
6.479999999999999649e-02
6.640000000000000069e-02
6.719999999999999585e-02
6.040000000000000230e-02
6.239999999999999714e-02
6.479999999999999649e-02
6.360000000000000375e-02
6.360000000000000375e-02
6.400000000000000133e-02
6.959999999999999520e-02
7.639999999999999569e-02
7.520000000000000295e-02
7.639999999999999569e-02
7.920000000000000651e-02
8.279999999999999860e-02
8.480000000000000038e-02
8.920000000000000151e-02
8.959999999999999909e-02
1.048000000000000043e-01
