4.680000000000000132e-02
4.880000000000000310e-02
5.600000000000000117e-02
6.160000000000000198e-02
7.119999999999999940e-02
7.320000000000000118e-02
7.599999999999999811e-02
7.599999999999999811e-02
7.599999999999999811e-02
7.639999999999999569e-02
8.160000000000000586e-02
7.720000000000000473e-02
7.799999999999999989e-02
7.960000000000000409e-02
7.159999999999999698e-02
7.399999999999999634e-02
7.960000000000000409e-02
7.679999999999999327e-02
8.559999999999999554e-02
8.359999999999999376e-02
8.880000000000000393e-02
9.199999999999999845e-02
9.039999999999999425e-02
1.000000000000000056e-01
1.059999999999999970e-01
1.063999999999999946e-01
1.039999999999999952e-01
1.100000000000000006e-01
9.120000000000000329e-02
9.199999999999999845e-02
8.719999999999999973e-02
8.640000000000000457e-02
7.760000000000000231e-02
7.359999999999999876e-02
6.719999999999999585e-02
7.320000000000000118e-02
7.280000000000000360e-02
6.880000000000000004e-02
6.959999999999999520e-02
6.360000000000000375e-02
6.560000000000000553e-02
5.680000000000000326e-02
5.199999999999999761e-02
5.680000000000000326e-02
5.480000000000000149e-02
5.399999999999999939e-02
4.880000000000000310e-02
5.399999999999999939e-02
4.800000000000000100e-02
5.439999999999999697e-02
6.519999999999999407e-02
6.880000000000000004e-02
6.519999999999999407e-02
7.080000000000000182e-02
7.080000000000000182e-02
7.320000000000000118e-02
8.039999999999999925e-02
9.520000000000000684e-02
9.120000000000000329e-02
9.160000000000000087e-02
8.999999999999999667e-02
8.319999999999999618e-02
8.519999999999999796e-02
9.080000000000000571e-02
9.039999999999999425e-02
9.520000000000000684e-02
1.059999999999999970e-01
9.479999999999999538e-02
9.959999999999999409e-02
9.439999999999999780e-02
9.840000000000000135e-02
9.400000000000000022e-02
9.039999999999999425e-02
8.759999999999999731e-02
8.359999999999999376e-02
8.440000000000000280e-02
8.160000000000000586e-02
7.240000000000000602e-02
7.399999999999999634e-02
7.920000000000000651e-02
7.639999999999999569e-02
7.799999999999999989e-02
7.240000000000000602e-02
6.679999999999999827e-02
7.560000000000000053e-02
7.480000000000000537e-02
8.200000000000000344e-02
8.880000000000000393e-02
9.520000000000000684e-02
9.320000000000000506e-02
9.719999999999999474e-02
1.028000000000000025e-01
1.055999999999999994e-01
1.004000000000000031e-01
9.320000000000000506e-02
8.519999999999999796e-02
8.840000000000000635e-02
9.439999999999999780e-02
8.119999999999999440e-02
7.920000000000000651e-02
7.399999999999999634e-02
6.679999999999999827e-02
6.119999999999999746e-02
5.879999999999999810e-02
6.519999999999999407e-02
6.199999999999999956e-02
6.040000000000000230e-02
6.679999999999999827e-02
6.439999999999999891e-02
6.439999999999999891e-02
7.679999999999999327e-02
7.359999999999999876e-02
6.840000000000000246e-02
7.879999999999999505e-02
7.839999999999999747e-02
8.200000000000000344e-02
9.279999999999999361e-02
9.520000000000000684e-02
9.600000000000000200e-02
1.000000000000000056e-01
1.000000000000000056e-01
1.072000000000000036e-01
1.011999999999999983e-01
1.011999999999999983e-01
9.400000000000000022e-02
9.439999999999999780e-02
9.639999999999999958e-02
9.039999999999999425e-02
9.320000000000000506e-02
8.240000000000000102e-02
7.359999999999999876e-02
7.240000000000000602e-02
6.400000000000000133e-02
6.199999999999999956e-02
5.840000000000000052e-02
5.600000000000000117e-02
6.360000000000000375e-02
6.759999999999999343e-02
7.199999999999999456e-02
7.399999999999999634e-02
7.280000000000000360e-02
7.320000000000000118e-02
7.399999999999999634e-02
7.280000000000000360e-02
7.920000000000000651e-02
8.559999999999999554e-02
8.920000000000000151e-02
8.240000000000000102e-02
8.000000000000000167e-02
8.119999999999999440e-02
7.320000000000000118e-02
7.760000000000000231e-02
7.320000000000000118e-02
8.319999999999999618e-02
7.920000000000000651e-02
9.239999999999999603e-02
9.120000000000000329e-02
9.199999999999999845e-02
9.080000000000000571e-02
9.439999999999999780e-02
1.000000000000000056e-01
9.239999999999999603e-02
8.640000000000000457e-02
8.440000000000000280e-02
7.480000000000000537e-02
8.440000000000000280e-02
8.279999999999999860e-02
8.680000000000000215e-02
7.599999999999999811e-02
7.720000000000000473e-02
7.480000000000000537e-02
7.000000000000000666e-02
6.719999999999999585e-02
6.439999999999999891e-02
6.320000000000000617e-02
6.119999999999999746e-02
5.999999999999999778e-02
6.279999999999999472e-02
6.400000000000000133e-02
