4.400000000000000265e-03
3.200000000000000153e-03
1.199999999999999895e-03
1.199999999999999895e-03
2.000000000000000042e-03
1.600000000000000077e-03
3.599999999999999901e-03
4.799999999999999580e-03
5.199999999999999761e-03
4.400000000000000265e-03
2.399999999999999790e-03
4.400000000000000265e-03
4.799999999999999580e-03
6.400000000000000307e-03
5.599999999999999943e-03
5.599999999999999943e-03
6.799999999999999621e-03
4.799999999999999580e-03
5.199999999999999761e-03
8.000000000000000167e-03
9.199999999999999845e-03
7.199999999999999803e-03
1.039999999999999952e-02
1.119999999999999989e-02
1.159999999999999920e-02
1.080000000000000057e-02
7.599999999999999985e-03
6.400000000000000307e-03
6.400000000000000307e-03
4.799999999999999580e-03
4.000000000000000083e-03
4.000000000000000083e-03
2.799999999999999972e-03
2.799999999999999972e-03
1.600000000000000077e-03
2.399999999999999790e-03
4.000000000000000083e-03
4.000000000000000083e-03
4.799999999999999580e-03
4.000000000000000083e-03
3.599999999999999901e-03
4.799999999999999580e-03
6.000000000000000125e-03
8.000000000000000167e-03
1.039999999999999952e-02
1.400000000000000029e-02
1.679999999999999896e-02
1.880000000000000074e-02
1.959999999999999937e-02
2.000000000000000042e-02
2.040000000000000147e-02
2.199999999999999872e-02
2.280000000000000082e-02
1.959999999999999937e-02
2.120000000000000009e-02
2.000000000000000042e-02
1.839999999999999969e-02
1.919999999999999832e-02
1.799999999999999864e-02
1.720000000000000001e-02
1.600000000000000033e-02
1.559999999999999928e-02
1.600000000000000033e-02
1.679999999999999896e-02
1.400000000000000029e-02
1.359999999999999924e-02
1.400000000000000029e-02
1.319999999999999993e-02
1.480000000000000066e-02
1.640000000000000138e-02
2.079999999999999905e-02
2.000000000000000042e-02
1.839999999999999969e-02
2.040000000000000147e-02
2.160000000000000114e-02
2.239999999999999977e-02
2.440000000000000155e-02
2.479999999999999913e-02
2.719999999999999848e-02
2.840000000000000163e-02
3.039999999999999994e-02
3.200000000000000067e-02
2.879999999999999921e-02
2.639999999999999986e-02
2.960000000000000131e-02
2.999999999999999889e-02
2.599999999999999881e-02
2.639999999999999986e-02
2.800000000000000058e-02
2.800000000000000058e-02
2.319999999999999840e-02
2.680000000000000090e-02
2.479999999999999913e-02
2.400000000000000050e-02
2.319999999999999840e-02
1.919999999999999832e-02
1.799999999999999864e-02
1.400000000000000029e-02
1.600000000000000033e-02
1.799999999999999864e-02
1.880000000000000074e-02
1.760000000000000106e-02
1.480000000000000066e-02
1.319999999999999993e-02
1.439999999999999961e-02
1.359999999999999924e-02
1.319999999999999993e-02
1.519999999999999997e-02
1.839999999999999969e-02
1.640000000000000138e-02
1.559999999999999928e-02
1.559999999999999928e-02
1.400000000000000029e-02
2.000000000000000042e-02
1.799999999999999864e-02
1.839999999999999969e-02
1.439999999999999961e-02
1.559999999999999928e-02
1.760000000000000106e-02
1.839999999999999969e-02
1.400000000000000029e-02
1.400000000000000029e-02
1.159999999999999920e-02
1.159999999999999920e-02
1.000000000000000021e-02
1.000000000000000021e-02
1.000000000000000021e-02
9.599999999999999159e-03
9.599999999999999159e-03
1.039999999999999952e-02
1.039999999999999952e-02
1.200000000000000025e-02
1.119999999999999989e-02
1.280000000000000061e-02
1.359999999999999924e-02
1.400000000000000029e-02
1.839999999999999969e-02
1.720000000000000001e-02
1.640000000000000138e-02
1.559999999999999928e-02
1.919999999999999832e-02
1.919999999999999832e-02
1.839999999999999969e-02
1.919999999999999832e-02
2.040000000000000147e-02
1.519999999999999997e-02
1.600000000000000033e-02
1.319999999999999993e-02
1.400000000000000029e-02
1.480000000000000066e-02
1.679999999999999896e-02
2.160000000000000114e-02
2.199999999999999872e-02
2.239999999999999977e-02
2.120000000000000009e-02
2.120000000000000009e-02
2.599999999999999881e-02
3.039999999999999994e-02
2.800000000000000058e-02
2.999999999999999889e-02
3.280000000000000276e-02
3.679999999999999938e-02
3.719999999999999696e-02
3.440000000000000002e-02
3.559999999999999970e-02
3.359999999999999792e-02
3.520000000000000212e-02
2.999999999999999889e-02
3.200000000000000067e-02
2.840000000000000163e-02
3.160000000000000309e-02
3.359999999999999792e-02
3.839999999999999664e-02
3.919999999999999873e-02
3.679999999999999938e-02
3.400000000000000244e-02
3.119999999999999857e-02
2.639999999999999986e-02
2.680000000000000090e-02
