8.279999999999999860e-02
8.559999999999999554e-02
9.160000000000000087e-02
8.840000000000000635e-02
9.719999999999999474e-02
9.360000000000000264e-02
9.719999999999999474e-02
9.400000000000000022e-02
9.919999999999999651e-02
9.520000000000000684e-02
9.760000000000000620e-02
9.120000000000000329e-02
9.039999999999999425e-02
8.920000000000000151e-02
7.760000000000000231e-02
8.559999999999999554e-02
9.479999999999999538e-02
1.008000000000000007e-01
1.032000000000000001e-01
1.079999999999999988e-01
1.083999999999999964e-01
1.083999999999999964e-01
1.131999999999999951e-01
1.127999999999999975e-01
1.087999999999999939e-01
1.100000000000000006e-01
1.103999999999999981e-01
9.479999999999999538e-02
8.799999999999999489e-02
8.680000000000000215e-02
8.680000000000000215e-02
9.080000000000000571e-02
1.024000000000000049e-01
1.019999999999999934e-01
1.063999999999999946e-01
1.000000000000000056e-01
1.008000000000000007e-01
9.239999999999999603e-02
9.239999999999999603e-02
8.640000000000000457e-02
8.160000000000000586e-02
8.480000000000000038e-02
7.359999999999999876e-02
7.520000000000000295e-02
7.399999999999999634e-02
7.839999999999999747e-02
9.800000000000000377e-02
1.004000000000000031e-01
9.360000000000000264e-02
1.000000000000000056e-01
1.103999999999999981e-01
1.120000000000000023e-01
1.120000000000000023e-01
1.136000000000000065e-01
1.171999999999999986e-01
1.107999999999999957e-01
1.103999999999999981e-01
1.116000000000000048e-01
1.076000000000000012e-01
1.087999999999999939e-01
1.008000000000000007e-01
1.019999999999999934e-01
9.760000000000000620e-02
8.840000000000000635e-02
8.200000000000000344e-02
8.920000000000000151e-02
8.640000000000000457e-02
8.640000000000000457e-02
8.079999999999999682e-02
8.200000000000000344e-02
8.959999999999999909e-02
8.240000000000000102e-02
9.279999999999999361e-02
9.439999999999999780e-02
9.919999999999999651e-02
9.719999999999999474e-02
9.320000000000000506e-02
8.359999999999999376e-02
9.279999999999999361e-02
9.639999999999999958e-02
9.600000000000000200e-02
9.520000000000000684e-02
9.919999999999999651e-02
1.032000000000000001e-01
1.028000000000000025e-01
1.035999999999999976e-01
1.076000000000000012e-01
1.116000000000000048e-01
1.087999999999999939e-01
1.015999999999999959e-01
1.015999999999999959e-01
1.032000000000000001e-01
9.400000000000000022e-02
9.520000000000000684e-02
9.320000000000000506e-02
8.959999999999999909e-02
8.400000000000000522e-02
8.840000000000000635e-02
9.279999999999999361e-02
9.439999999999999780e-02
9.600000000000000200e-02
9.719999999999999474e-02
9.760000000000000620e-02
1.024000000000000049e-01
9.679999999999999716e-02
9.760000000000000620e-02
1.032000000000000001e-01
1.111999999999999933e-01
1.147999999999999993e-01
1.147999999999999993e-01
1.192000000000000004e-01
1.127999999999999975e-01
1.116000000000000048e-01
1.039999999999999952e-01
1.052000000000000018e-01
9.760000000000000620e-02
8.999999999999999667e-02
8.799999999999999489e-02
8.680000000000000215e-02
8.759999999999999731e-02
9.520000000000000684e-02
8.640000000000000457e-02
8.279999999999999860e-02
8.519999999999999796e-02
9.120000000000000329e-02
8.719999999999999973e-02
9.719999999999999474e-02
9.520000000000000684e-02
9.919999999999999651e-02
1.000000000000000056e-01
1.063999999999999946e-01
1.035999999999999976e-01
1.144000000000000017e-01
1.192000000000000004e-01
1.160000000000000059e-01
1.160000000000000059e-01
1.140000000000000041e-01
1.184000000000000052e-01
1.236000000000000015e-01
1.140000000000000041e-01
1.063999999999999946e-01
1.015999999999999959e-01
9.600000000000000200e-02
9.520000000000000684e-02
8.840000000000000635e-02
8.359999999999999376e-02
8.920000000000000151e-02
9.080000000000000571e-02
9.479999999999999538e-02
8.359999999999999376e-02
8.000000000000000167e-02
8.400000000000000522e-02
9.039999999999999425e-02
9.600000000000000200e-02
9.879999999999999893e-02
8.959999999999999909e-02
8.200000000000000344e-02
7.920000000000000651e-02
8.480000000000000038e-02
8.959999999999999909e-02
1.019999999999999934e-01
1.044000000000000067e-01
1.019999999999999934e-01
1.032000000000000001e-01
1.032000000000000001e-01
1.048000000000000043e-01
9.719999999999999474e-02
1.048000000000000043e-01
1.059999999999999970e-01
1.055999999999999994e-01
1.052000000000000018e-01
1.059999999999999970e-01
1.136000000000000065e-01
1.068000000000000060e-01
1.011999999999999983e-01
9.919999999999999651e-02
1.000000000000000056e-01
9.400000000000000022e-02
9.039999999999999425e-02
