1.640000000000000138e-02
1.319999999999999993e-02
9.599999999999999159e-03
1.039999999999999952e-02
1.080000000000000057e-02
1.280000000000000061e-02
1.080000000000000057e-02
1.039999999999999952e-02
1.319999999999999993e-02
1.159999999999999920e-02
1.239999999999999956e-02
1.319999999999999993e-02
1.400000000000000029e-02
1.519999999999999997e-02
1.919999999999999832e-02
2.000000000000000042e-02
2.400000000000000050e-02
2.359999999999999945e-02
2.520000000000000018e-02
2.680000000000000090e-02
3.080000000000000099e-02
3.080000000000000099e-02
3.119999999999999857e-02
3.599999999999999728e-02
3.640000000000000180e-02
4.000000000000000083e-02
4.479999999999999954e-02
5.040000000000000036e-02
5.240000000000000213e-02
5.680000000000000326e-02
6.119999999999999746e-02
6.360000000000000375e-02
7.159999999999999698e-02
6.919999999999999762e-02
8.079999999999999682e-02
7.359999999999999876e-02
7.920000000000000651e-02
8.480000000000000038e-02
9.560000000000000442e-02
9.919999999999999651e-02
1.120000000000000023e-01
1.087999999999999939e-01
1.087999999999999939e-01
9.600000000000000200e-02
9.279999999999999361e-02
8.880000000000000393e-02
8.200000000000000344e-02
7.599999999999999811e-02
7.040000000000000424e-02
6.040000000000000230e-02
5.240000000000000213e-02
4.519999999999999712e-02
4.200000000000000261e-02
3.400000000000000244e-02
3.640000000000000180e-02
3.559999999999999970e-02
3.760000000000000148e-02
3.520000000000000212e-02
3.479999999999999760e-02
3.640000000000000180e-02
4.000000000000000083e-02
4.279999999999999777e-02
3.799999999999999906e-02
3.679999999999999938e-02
3.599999999999999728e-02
3.359999999999999792e-02
3.719999999999999696e-02
3.640000000000000180e-02
3.880000000000000115e-02
4.560000000000000164e-02
4.080000000000000293e-02
4.159999999999999809e-02
4.279999999999999777e-02
4.959999999999999826e-02
5.279999999999999971e-02
4.839999999999999858e-02
4.839999999999999858e-02
4.839999999999999858e-02
5.240000000000000213e-02
4.760000000000000342e-02
5.439999999999999697e-02
5.399999999999999939e-02
6.119999999999999746e-02
5.879999999999999810e-02
6.160000000000000198e-02
6.719999999999999585e-02
7.560000000000000053e-02
7.480000000000000537e-02
7.720000000000000473e-02
8.000000000000000167e-02
8.400000000000000522e-02
7.799999999999999989e-02
7.960000000000000409e-02
7.720000000000000473e-02
7.520000000000000295e-02
7.040000000000000424e-02
6.119999999999999746e-02
5.639999999999999875e-02
5.439999999999999697e-02
4.560000000000000164e-02
3.880000000000000115e-02
3.239999999999999825e-02
2.879999999999999921e-02
2.719999999999999848e-02
3.239999999999999825e-02
3.119999999999999857e-02
3.039999999999999994e-02
3.080000000000000099e-02
3.640000000000000180e-02
3.839999999999999664e-02
4.240000000000000019e-02
4.279999999999999777e-02
4.599999999999999922e-02
4.479999999999999954e-02
4.080000000000000293e-02
4.159999999999999809e-02
4.120000000000000051e-02
3.799999999999999906e-02
3.679999999999999938e-02
3.880000000000000115e-02
4.279999999999999777e-02
4.599999999999999922e-02
4.000000000000000083e-02
3.839999999999999664e-02
3.400000000000000244e-02
3.640000000000000180e-02
3.880000000000000115e-02
3.799999999999999906e-02
3.919999999999999873e-02
4.200000000000000261e-02
3.679999999999999938e-02
4.599999999999999922e-02
4.599999999999999922e-02
4.880000000000000310e-02
5.559999999999999665e-02
5.040000000000000036e-02
5.600000000000000117e-02
5.480000000000000149e-02
5.559999999999999665e-02
5.800000000000000294e-02
6.079999999999999988e-02
6.919999999999999762e-02
7.520000000000000295e-02
7.879999999999999505e-02
7.639999999999999569e-02
7.879999999999999505e-02
8.079999999999999682e-02
7.679999999999999327e-02
6.519999999999999407e-02
6.320000000000000617e-02
5.800000000000000294e-02
5.600000000000000117e-02
4.440000000000000197e-02
4.320000000000000229e-02
3.719999999999999696e-02
3.440000000000000002e-02
3.359999999999999792e-02
3.880000000000000115e-02
4.039999999999999841e-02
4.240000000000000019e-02
4.560000000000000164e-02
4.399999999999999745e-02
4.000000000000000083e-02
4.279999999999999777e-02
4.120000000000000051e-02
4.240000000000000019e-02
4.320000000000000229e-02
4.399999999999999745e-02
3.880000000000000115e-02
4.240000000000000019e-02
4.519999999999999712e-02
4.800000000000000100e-02
4.800000000000000100e-02
4.880000000000000310e-02
5.000000000000000278e-02
5.000000000000000278e-02
5.279999999999999971e-02
5.439999999999999697e-02
5.960000000000000020e-02
