3.200000000000000153e-03
3.200000000000000153e-03
5.199999999999999761e-03
6.000000000000000125e-03
6.799999999999999621e-03
8.800000000000000530e-03
9.599999999999999159e-03
1.000000000000000021e-02
8.399999999999999481e-03
8.399999999999999481e-03
1.039999999999999952e-02
1.480000000000000066e-02
1.799999999999999864e-02
2.120000000000000009e-02
2.319999999999999840e-02
2.440000000000000155e-02
2.719999999999999848e-02
3.080000000000000099e-02
2.840000000000000163e-02
2.840000000000000163e-02
3.280000000000000276e-02
3.440000000000000002e-02
4.159999999999999809e-02
4.359999999999999987e-02
4.519999999999999712e-02
4.240000000000000019e-02
4.680000000000000132e-02
4.760000000000000342e-02
4.719999999999999890e-02
5.399999999999999939e-02
5.680000000000000326e-02
5.360000000000000181e-02
6.079999999999999988e-02
6.199999999999999956e-02
6.640000000000000069e-02
7.520000000000000295e-02
8.200000000000000344e-02
8.759999999999999731e-02
9.120000000000000329e-02
8.959999999999999909e-02
9.479999999999999538e-02
1.004000000000000031e-01
1.024000000000000049e-01
1.015999999999999959e-01
9.279999999999999361e-02
8.079999999999999682e-02
8.119999999999999440e-02
7.439999999999999392e-02
7.240000000000000602e-02
7.439999999999999392e-02
7.399999999999999634e-02
7.040000000000000424e-02
5.879999999999999810e-02
6.479999999999999649e-02
6.519999999999999407e-02
6.759999999999999343e-02
6.439999999999999891e-02
6.360000000000000375e-02
6.959999999999999520e-02
6.560000000000000553e-02
5.840000000000000052e-02
5.600000000000000117e-02
5.600000000000000117e-02
5.040000000000000036e-02
5.319999999999999729e-02
5.040000000000000036e-02
4.920000000000000068e-02
4.839999999999999858e-02
4.639999999999999680e-02
4.760000000000000342e-02
4.959999999999999826e-02
5.160000000000000003e-02
5.279999999999999971e-02
5.600000000000000117e-02
4.560000000000000164e-02
4.200000000000000261e-02
3.960000000000000325e-02
3.599999999999999728e-02
3.839999999999999664e-02
4.479999999999999954e-02
4.000000000000000083e-02
4.039999999999999841e-02
4.279999999999999777e-02
4.320000000000000229e-02
4.359999999999999987e-02
4.039999999999999841e-02
4.279999999999999777e-02
4.120000000000000051e-02
4.359999999999999987e-02
5.279999999999999971e-02
5.000000000000000278e-02
5.040000000000000036e-02
5.160000000000000003e-02
5.399999999999999939e-02
5.639999999999999875e-02
5.519999999999999907e-02
5.079999999999999793e-02
4.839999999999999858e-02
5.160000000000000003e-02
5.759999999999999842e-02
5.800000000000000294e-02
5.960000000000000020e-02
6.320000000000000617e-02
6.119999999999999746e-02
6.160000000000000198e-02
6.679999999999999827e-02
7.119999999999999940e-02
7.040000000000000424e-02
8.000000000000000167e-02
7.799999999999999989e-02
7.439999999999999392e-02
7.439999999999999392e-02
7.040000000000000424e-02
7.359999999999999876e-02
6.600000000000000311e-02
7.320000000000000118e-02
6.759999999999999343e-02
5.920000000000000262e-02
6.919999999999999762e-02
6.040000000000000230e-02
5.800000000000000294e-02
6.079999999999999988e-02
6.239999999999999714e-02
5.999999999999999778e-02
5.639999999999999875e-02
5.600000000000000117e-02
5.600000000000000117e-02
5.160000000000000003e-02
5.800000000000000294e-02
5.439999999999999697e-02
5.079999999999999793e-02
4.880000000000000310e-02
5.399999999999999939e-02
5.240000000000000213e-02
5.360000000000000181e-02
5.680000000000000326e-02
5.519999999999999907e-02
5.879999999999999810e-02
5.879999999999999810e-02
6.119999999999999746e-02
6.119999999999999746e-02
5.519999999999999907e-02
5.960000000000000020e-02
6.360000000000000375e-02
6.160000000000000198e-02
6.400000000000000133e-02
6.320000000000000617e-02
6.479999999999999649e-02
6.160000000000000198e-02
7.280000000000000360e-02
6.199999999999999956e-02
6.479999999999999649e-02
6.719999999999999585e-02
7.639999999999999569e-02
7.119999999999999940e-02
6.600000000000000311e-02
5.920000000000000262e-02
5.720000000000000084e-02
6.519999999999999407e-02
7.040000000000000424e-02
6.439999999999999891e-02
6.360000000000000375e-02
6.439999999999999891e-02
5.879999999999999810e-02
6.119999999999999746e-02
6.400000000000000133e-02
6.239999999999999714e-02
5.920000000000000262e-02
6.439999999999999891e-02
6.439999999999999891e-02
6.119999999999999746e-02
6.560000000000000553e-02
5.960000000000000020e-02
5.960000000000000020e-02
5.399999999999999939e-02
5.000000000000000278e-02
4.359999999999999987e-02
4.359999999999999987e-02
4.120000000000000051e-02
