1.648000000000000020e-01
1.612000000000000099e-01
1.564000000000000112e-01
1.416000000000000036e-01
1.368000000000000049e-01
1.332000000000000128e-01
1.343999999999999917e-01
1.416000000000000036e-01
1.607999999999999985e-01
1.643999999999999906e-01
1.675999999999999990e-01
1.643999999999999906e-01
1.587999999999999967e-01
1.547999999999999932e-01
1.371999999999999886e-01
1.164000000000000035e-01
1.303999999999999881e-01
1.303999999999999881e-01
1.236000000000000015e-01
1.236000000000000015e-01
1.215999999999999998e-01
1.260000000000000009e-01
1.335999999999999965e-01
1.247999999999999943e-01
1.287999999999999978e-01
1.419999999999999873e-01
1.360000000000000098e-01
1.351999999999999869e-01
1.403999999999999970e-01
1.428000000000000103e-01
1.431999999999999940e-01
1.436000000000000054e-01
1.355999999999999983e-01
1.267999999999999960e-01
1.239999999999999991e-01
1.307999999999999996e-01
1.328000000000000014e-01
1.275999999999999912e-01
1.212000000000000022e-01
1.264000000000000123e-01
1.343999999999999917e-01
1.323999999999999899e-01
1.368000000000000049e-01
1.396000000000000019e-01
1.464000000000000024e-01
1.448000000000000120e-01
1.436000000000000054e-01
1.468000000000000138e-01
1.479999999999999927e-01
1.348000000000000032e-01
1.348000000000000032e-01
1.451999999999999957e-01
1.400000000000000133e-01
1.504000000000000059e-01
1.476000000000000090e-01
1.428000000000000103e-01
1.312000000000000111e-01
1.343999999999999917e-01
1.476000000000000090e-01
1.464000000000000024e-01
1.383999999999999952e-01
1.391999999999999904e-01
1.340000000000000080e-01
1.388000000000000067e-01
1.348000000000000032e-01
1.368000000000000049e-01
1.464000000000000024e-01
1.476000000000000090e-01
1.496000000000000107e-01
1.507999999999999896e-01
1.464000000000000024e-01
1.436000000000000054e-01
1.396000000000000019e-01
1.328000000000000014e-01
1.348000000000000032e-01
1.332000000000000128e-01
1.255999999999999894e-01
1.292000000000000093e-01
1.303999999999999881e-01
1.275999999999999912e-01
1.343999999999999917e-01
1.400000000000000133e-01
1.371999999999999886e-01
1.312000000000000111e-01
1.280000000000000027e-01
1.328000000000000014e-01
1.396000000000000019e-01
1.380000000000000115e-01
1.320000000000000062e-01
1.388000000000000067e-01
1.468000000000000138e-01
1.468000000000000138e-01
1.391999999999999904e-01
1.439999999999999891e-01
1.547999999999999932e-01
1.512000000000000011e-01
1.476000000000000090e-01
1.459999999999999909e-01
1.436000000000000054e-01
1.423999999999999988e-01
1.423999999999999988e-01
1.403999999999999970e-01
1.431999999999999940e-01
1.383999999999999952e-01
1.371999999999999886e-01
1.348000000000000032e-01
1.360000000000000098e-01
1.280000000000000027e-01
1.243999999999999967e-01
1.252000000000000057e-01
1.215999999999999998e-01
1.219999999999999973e-01
1.208000000000000046e-01
1.328000000000000014e-01
1.292000000000000093e-01
1.411999999999999922e-01
1.448000000000000120e-01
1.484000000000000041e-01
1.471999999999999975e-01
1.512000000000000011e-01
1.444000000000000006e-01
1.408000000000000085e-01
1.323999999999999899e-01
1.280000000000000027e-01
1.275999999999999912e-01
1.388000000000000067e-01
1.391999999999999904e-01
1.380000000000000115e-01
1.355999999999999983e-01
1.419999999999999873e-01
1.532000000000000028e-01
1.671999999999999875e-01
1.640000000000000069e-01
1.547999999999999932e-01
1.519999999999999962e-01
1.519999999999999962e-01
1.464000000000000024e-01
1.391999999999999904e-01
1.267999999999999960e-01
1.260000000000000009e-01
1.228000000000000064e-01
1.275999999999999912e-01
1.192000000000000004e-01
1.140000000000000041e-01
1.068000000000000060e-01
1.100000000000000006e-01
1.140000000000000041e-01
1.239999999999999991e-01
1.195999999999999980e-01
1.332000000000000128e-01
1.323999999999999899e-01
1.243999999999999967e-01
1.283999999999999864e-01
1.340000000000000080e-01
1.471999999999999975e-01
1.436000000000000054e-01
1.439999999999999891e-01
1.436000000000000054e-01
1.408000000000000085e-01
1.303999999999999881e-01
1.272000000000000075e-01
1.368000000000000049e-01
1.340000000000000080e-01
1.519999999999999962e-01
1.544000000000000095e-01
1.575999999999999901e-01
1.552000000000000046e-01
1.572000000000000064e-01
1.535999999999999865e-01
1.504000000000000059e-01
1.539999999999999980e-01
1.468000000000000138e-01
1.380000000000000115e-01
1.383999999999999952e-01
1.371999999999999886e-01
1.360000000000000098e-01
1.275999999999999912e-01
1.343999999999999917e-01
1.380000000000000115e-01
