3.599999999999999901e-03
3.599999999999999901e-03
3.599999999999999901e-03
2.399999999999999790e-03
2.799999999999999972e-03
3.599999999999999901e-03
2.799999999999999972e-03
2.399999999999999790e-03
3.599999999999999901e-03
2.799999999999999972e-03
2.399999999999999790e-03
1.600000000000000077e-03
8.000000000000000383e-04
8.000000000000000383e-04
8.000000000000000383e-04
1.199999999999999895e-03
1.199999999999999895e-03
1.199999999999999895e-03
8.000000000000000383e-04
4.000000000000000192e-04
4.000000000000000192e-04
8.000000000000000383e-04
8.000000000000000383e-04
8.000000000000000383e-04
1.199999999999999895e-03
8.000000000000000383e-04
1.199999999999999895e-03
4.000000000000000192e-04
8.000000000000000383e-04
8.000000000000000383e-04
8.000000000000000383e-04
1.199999999999999895e-03
1.199999999999999895e-03
1.199999999999999895e-03
8.000000000000000383e-04
8.000000000000000383e-04
8.000000000000000383e-04
8.000000000000000383e-04
8.000000000000000383e-04
1.199999999999999895e-03
2.000000000000000042e-03
2.799999999999999972e-03
2.799999999999999972e-03
2.000000000000000042e-03
2.000000000000000042e-03
2.399999999999999790e-03
2.000000000000000042e-03
1.600000000000000077e-03
1.199999999999999895e-03
4.000000000000000192e-04
8.000000000000000383e-04
4.000000000000000192e-04
4.000000000000000192e-04
8.000000000000000383e-04
1.199999999999999895e-03
2.000000000000000042e-03
2.000000000000000042e-03
2.000000000000000042e-03
1.600000000000000077e-03
1.199999999999999895e-03
1.600000000000000077e-03
1.600000000000000077e-03
1.600000000000000077e-03
2.399999999999999790e-03
2.799999999999999972e-03
2.799999999999999972e-03
3.599999999999999901e-03
4.000000000000000083e-03
5.199999999999999761e-03
7.199999999999999803e-03
8.399999999999999481e-03
1.200000000000000025e-02
1.480000000000000066e-02
1.720000000000000001e-02
1.640000000000000138e-02
1.720000000000000001e-02
1.799999999999999864e-02
1.959999999999999937e-02
2.000000000000000042e-02
2.120000000000000009e-02
2.440000000000000155e-02
2.840000000000000163e-02
2.840000000000000163e-02
2.920000000000000026e-02
2.960000000000000131e-02
3.280000000000000276e-02
3.239999999999999825e-02
3.119999999999999857e-02
2.960000000000000131e-02
2.560000000000000123e-02
2.400000000000000050e-02
2.000000000000000042e-02
1.720000000000000001e-02
1.600000000000000033e-02
1.519999999999999997e-02
1.519999999999999997e-02
1.319999999999999993e-02
1.400000000000000029e-02
1.280000000000000061e-02
1.559999999999999928e-02
1.679999999999999896e-02
1.799999999999999864e-02
1.679999999999999896e-02
1.480000000000000066e-02
1.439999999999999961e-02
1.239999999999999956e-02
1.239999999999999956e-02
1.000000000000000021e-02
8.399999999999999481e-03
7.599999999999999985e-03
8.800000000000000530e-03
1.000000000000000021e-02
1.239999999999999956e-02
1.640000000000000138e-02
1.760000000000000106e-02
1.760000000000000106e-02
1.600000000000000033e-02
1.439999999999999961e-02
1.400000000000000029e-02
1.720000000000000001e-02
1.919999999999999832e-02
1.959999999999999937e-02
2.280000000000000082e-02
2.359999999999999945e-02
2.359999999999999945e-02
2.319999999999999840e-02
2.400000000000000050e-02
2.199999999999999872e-02
2.120000000000000009e-02
1.880000000000000074e-02
1.799999999999999864e-02
1.799999999999999864e-02
1.880000000000000074e-02
2.160000000000000114e-02
2.120000000000000009e-02
2.359999999999999945e-02
2.040000000000000147e-02
1.959999999999999937e-02
2.079999999999999905e-02
2.160000000000000114e-02
2.319999999999999840e-02
2.520000000000000018e-02
2.920000000000000026e-02
2.879999999999999921e-02
3.080000000000000099e-02
2.840000000000000163e-02
3.239999999999999825e-02
3.320000000000000034e-02
3.359999999999999792e-02
3.520000000000000212e-02
3.080000000000000099e-02
3.440000000000000002e-02
3.880000000000000115e-02
3.599999999999999728e-02
3.960000000000000325e-02
4.039999999999999841e-02
4.039999999999999841e-02
4.120000000000000051e-02
4.080000000000000293e-02
4.080000000000000293e-02
3.760000000000000148e-02
4.000000000000000083e-02
3.320000000000000034e-02
3.320000000000000034e-02
3.239999999999999825e-02
3.839999999999999664e-02
3.640000000000000180e-02
4.080000000000000293e-02
4.359999999999999987e-02
4.680000000000000132e-02
4.440000000000000197e-02
4.719999999999999890e-02
4.519999999999999712e-02
4.399999999999999745e-02
4.479999999999999954e-02
4.159999999999999809e-02
4.359999999999999987e-02
4.279999999999999777e-02
4.320000000000000229e-02
