1.192000000000000004e-01
1.219999999999999973e-01
1.287999999999999978e-01
1.295999999999999930e-01
1.280000000000000027e-01
1.219999999999999973e-01
1.328000000000000014e-01
1.228000000000000064e-01
1.055999999999999994e-01
9.679999999999999716e-02
9.479999999999999538e-02
8.000000000000000167e-02
7.159999999999999698e-02
6.880000000000000004e-02
6.880000000000000004e-02
6.519999999999999407e-02
5.960000000000000020e-02
6.239999999999999714e-02
6.600000000000000311e-02
7.240000000000000602e-02
7.879999999999999505e-02
8.599999999999999312e-02
9.239999999999999603e-02
8.640000000000000457e-02
8.599999999999999312e-02
8.359999999999999376e-02
8.480000000000000038e-02
9.080000000000000571e-02
9.600000000000000200e-02
1.039999999999999952e-01
1.079999999999999988e-01
1.096000000000000030e-01
1.140000000000000041e-01
1.155999999999999944e-01
1.048000000000000043e-01
1.000000000000000056e-01
9.959999999999999409e-02
9.959999999999999409e-02
1.068000000000000060e-01
1.160000000000000059e-01
1.151999999999999968e-01
1.055999999999999994e-01
1.044000000000000067e-01
1.028000000000000025e-01
1.000000000000000056e-01
9.360000000000000264e-02
9.120000000000000329e-02
7.799999999999999989e-02
8.279999999999999860e-02
8.559999999999999554e-02
7.720000000000000473e-02
8.200000000000000344e-02
8.279999999999999860e-02
8.480000000000000038e-02
9.239999999999999603e-02
9.120000000000000329e-02
9.639999999999999958e-02
9.840000000000000135e-02
1.079999999999999988e-01
1.052000000000000018e-01
1.024000000000000049e-01
9.400000000000000022e-02
1.111999999999999933e-01
1.079999999999999988e-01
1.063999999999999946e-01
1.004000000000000031e-01
1.123999999999999999e-01
1.175999999999999962e-01
1.048000000000000043e-01
1.079999999999999988e-01
1.068000000000000060e-01
1.164000000000000035e-01
1.136000000000000065e-01
1.175999999999999962e-01
1.219999999999999973e-01
1.243999999999999967e-01
1.239999999999999991e-01
1.267999999999999960e-01
1.272000000000000075e-01
1.243999999999999967e-01
1.179999999999999938e-01
1.243999999999999967e-01
1.147999999999999993e-01
1.184000000000000052e-01
1.079999999999999988e-01
1.059999999999999970e-01
1.136000000000000065e-01
1.192000000000000004e-01
1.100000000000000006e-01
1.079999999999999988e-01
8.999999999999999667e-02
8.279999999999999860e-02
7.879999999999999505e-02
7.439999999999999392e-02
7.119999999999999940e-02
7.760000000000000231e-02
7.320000000000000118e-02
8.200000000000000344e-02
9.039999999999999425e-02
9.080000000000000571e-02
1.035999999999999976e-01
1.019999999999999934e-01
1.028000000000000025e-01
1.059999999999999970e-01
1.179999999999999938e-01
1.215999999999999998e-01
1.332000000000000128e-01
1.431999999999999940e-01
1.272000000000000075e-01
1.239999999999999991e-01
1.260000000000000009e-01
1.175999999999999962e-01
1.144000000000000017e-01
1.144000000000000017e-01
1.103999999999999981e-01
1.107999999999999957e-01
1.131999999999999951e-01
1.147999999999999993e-01
1.219999999999999973e-01
1.199999999999999956e-01
1.123999999999999999e-01
1.059999999999999970e-01
1.096000000000000030e-01
1.044000000000000067e-01
9.959999999999999409e-02
9.560000000000000442e-02
9.719999999999999474e-02
8.840000000000000635e-02
9.279999999999999361e-02
9.320000000000000506e-02
9.279999999999999361e-02
9.439999999999999780e-02
9.919999999999999651e-02
1.039999999999999952e-01
1.015999999999999959e-01
1.052000000000000018e-01
1.076000000000000012e-01
1.079999999999999988e-01
1.039999999999999952e-01
1.103999999999999981e-01
1.155999999999999944e-01
1.079999999999999988e-01
1.035999999999999976e-01
1.103999999999999981e-01
1.052000000000000018e-01
1.144000000000000017e-01
1.160000000000000059e-01
1.103999999999999981e-01
1.076000000000000012e-01
1.120000000000000023e-01
1.103999999999999981e-01
1.100000000000000006e-01
1.111999999999999933e-01
1.087999999999999939e-01
1.103999999999999981e-01
1.123999999999999999e-01
1.192000000000000004e-01
1.083999999999999964e-01
1.131999999999999951e-01
1.111999999999999933e-01
1.048000000000000043e-01
9.800000000000000377e-02
9.760000000000000620e-02
9.600000000000000200e-02
8.999999999999999667e-02
7.799999999999999989e-02
7.480000000000000537e-02
7.679999999999999327e-02
8.359999999999999376e-02
9.239999999999999603e-02
1.019999999999999934e-01
9.479999999999999538e-02
9.479999999999999538e-02
9.639999999999999958e-02
9.679999999999999716e-02
8.920000000000000151e-02
9.279999999999999361e-02
8.999999999999999667e-02
9.160000000000000087e-02
