8.119999999999999440e-02
8.400000000000000522e-02
9.039999999999999425e-02
8.519999999999999796e-02
8.680000000000000215e-02
9.520000000000000684e-02
1.019999999999999934e-01
1.072000000000000036e-01
1.092000000000000054e-01
1.044000000000000067e-01
1.087999999999999939e-01
1.035999999999999976e-01
9.600000000000000200e-02
9.320000000000000506e-02
8.959999999999999909e-02
9.320000000000000506e-02
9.719999999999999474e-02
9.679999999999999716e-02
9.760000000000000620e-02
1.063999999999999946e-01
1.199999999999999956e-01
1.195999999999999980e-01
1.283999999999999864e-01
1.355999999999999983e-01
1.363999999999999935e-01
1.351999999999999869e-01
1.275999999999999912e-01
1.307999999999999996e-01
1.267999999999999960e-01
1.171999999999999986e-01
1.131999999999999951e-01
1.232000000000000040e-01
1.252000000000000057e-01
1.131999999999999951e-01
1.136000000000000065e-01
1.103999999999999981e-01
1.032000000000000001e-01
1.059999999999999970e-01
1.000000000000000056e-01
1.015999999999999959e-01
1.063999999999999946e-01
9.800000000000000377e-02
1.072000000000000036e-01
1.087999999999999939e-01
1.052000000000000018e-01
1.083999999999999964e-01
1.116000000000000048e-01
1.087999999999999939e-01
1.063999999999999946e-01
1.048000000000000043e-01
1.028000000000000025e-01
1.044000000000000067e-01
1.160000000000000059e-01
1.144000000000000017e-01
1.275999999999999912e-01
1.363999999999999935e-01
1.444000000000000006e-01
1.416000000000000036e-01
1.351999999999999869e-01
1.363999999999999935e-01
1.332000000000000128e-01
1.363999999999999935e-01
1.380000000000000115e-01
1.363999999999999935e-01
1.340000000000000080e-01
1.255999999999999894e-01
1.203999999999999931e-01
1.092000000000000054e-01
1.083999999999999964e-01
1.032000000000000001e-01
1.004000000000000031e-01
9.600000000000000200e-02
8.480000000000000038e-02
8.319999999999999618e-02
8.920000000000000151e-02
8.959999999999999909e-02
9.840000000000000135e-02
1.015999999999999959e-01
9.919999999999999651e-02
9.800000000000000377e-02
9.919999999999999651e-02
1.000000000000000056e-01
9.719999999999999474e-02
1.000000000000000056e-01
9.679999999999999716e-02
9.719999999999999474e-02
9.879999999999999893e-02
9.400000000000000022e-02
1.011999999999999983e-01
1.004000000000000031e-01
1.044000000000000067e-01
1.032000000000000001e-01
1.028000000000000025e-01
9.400000000000000022e-02
9.919999999999999651e-02
1.052000000000000018e-01
1.164000000000000035e-01
1.223999999999999949e-01
1.255999999999999894e-01
1.232000000000000040e-01
1.283999999999999864e-01
1.243999999999999967e-01
1.171999999999999986e-01
1.219999999999999973e-01
1.131999999999999951e-01
1.079999999999999988e-01
1.076000000000000012e-01
1.116000000000000048e-01
1.107999999999999957e-01
1.155999999999999944e-01
1.120000000000000023e-01
1.087999999999999939e-01
1.136000000000000065e-01
1.048000000000000043e-01
9.840000000000000135e-02
9.959999999999999409e-02
1.032000000000000001e-01
1.107999999999999957e-01
1.195999999999999980e-01
1.300000000000000044e-01
1.343999999999999917e-01
1.428000000000000103e-01
1.423999999999999988e-01
1.287999999999999978e-01
1.303999999999999881e-01
1.275999999999999912e-01
1.179999999999999938e-01
1.223999999999999949e-01
1.068000000000000060e-01
1.083999999999999964e-01
1.035999999999999976e-01
1.087999999999999939e-01
1.107999999999999957e-01
1.059999999999999970e-01
1.151999999999999968e-01
1.175999999999999962e-01
1.223999999999999949e-01
1.144000000000000017e-01
1.195999999999999980e-01
1.160000000000000059e-01
1.136000000000000065e-01
1.164000000000000035e-01
1.215999999999999998e-01
1.063999999999999946e-01
1.004000000000000031e-01
9.520000000000000684e-02
1.015999999999999959e-01
9.840000000000000135e-02
1.008000000000000007e-01
1.008000000000000007e-01
1.072000000000000036e-01
1.131999999999999951e-01
1.120000000000000023e-01
1.100000000000000006e-01
1.028000000000000025e-01
1.120000000000000023e-01
1.136000000000000065e-01
1.179999999999999938e-01
1.208000000000000046e-01
1.179999999999999938e-01
1.100000000000000006e-01
9.919999999999999651e-02
9.360000000000000264e-02
8.920000000000000151e-02
8.719999999999999973e-02
1.011999999999999983e-01
1.059999999999999970e-01
1.024000000000000049e-01
1.044000000000000067e-01
1.096000000000000030e-01
1.072000000000000036e-01
1.052000000000000018e-01
1.052000000000000018e-01
1.100000000000000006e-01
1.123999999999999999e-01
1.072000000000000036e-01
1.140000000000000041e-01
1.100000000000000006e-01
1.039999999999999952e-01
