1.675999999999999990e-01
1.652000000000000135e-01
1.555999999999999883e-01
1.479999999999999927e-01
1.400000000000000133e-01
1.428000000000000103e-01
1.416000000000000036e-01
1.287999999999999978e-01
1.348000000000000032e-01
1.368000000000000049e-01
1.479999999999999927e-01
1.484000000000000041e-01
1.459999999999999909e-01
1.487999999999999878e-01
1.628000000000000003e-01
1.524000000000000077e-01
1.499999999999999944e-01
1.403999999999999970e-01
1.451999999999999957e-01
1.504000000000000059e-01
1.516000000000000125e-01
1.507999999999999896e-01
1.496000000000000107e-01
1.535999999999999865e-01
1.383999999999999952e-01
1.512000000000000011e-01
1.607999999999999985e-01
1.559999999999999998e-01
1.524000000000000077e-01
1.628000000000000003e-01
1.683999999999999941e-01
1.635999999999999954e-01
1.652000000000000135e-01
1.736000000000000043e-01
1.680000000000000104e-01
1.416000000000000036e-01
1.575999999999999901e-01
1.595999999999999919e-01
1.623999999999999888e-01
1.635999999999999954e-01
1.587999999999999967e-01
1.491999999999999993e-01
1.491999999999999993e-01
1.464000000000000024e-01
1.464000000000000024e-01
1.371999999999999886e-01
1.320000000000000062e-01
1.400000000000000133e-01
1.419999999999999873e-01
1.423999999999999988e-01
1.471999999999999975e-01
1.487999999999999878e-01
1.436000000000000054e-01
1.431999999999999940e-01
1.587999999999999967e-01
1.739999999999999880e-01
1.600000000000000033e-01
1.516000000000000125e-01
1.584000000000000130e-01
1.620000000000000051e-01
1.555999999999999883e-01
1.580000000000000016e-01
1.451999999999999957e-01
1.487999999999999878e-01
1.471999999999999975e-01
1.439999999999999891e-01
1.499999999999999944e-01
1.555999999999999883e-01
1.587999999999999967e-01
1.663999999999999924e-01
1.691999999999999893e-01
1.640000000000000069e-01
1.635999999999999954e-01
1.572000000000000064e-01
1.615999999999999936e-01
1.632000000000000117e-01
1.532000000000000028e-01
1.559999999999999998e-01
1.547999999999999932e-01
1.484000000000000041e-01
1.468000000000000138e-01
1.559999999999999998e-01
1.519999999999999962e-01
1.439999999999999891e-01
1.464000000000000024e-01
1.439999999999999891e-01
1.400000000000000133e-01
1.400000000000000133e-01
1.484000000000000041e-01
1.572000000000000064e-01
1.668000000000000038e-01
1.731999999999999929e-01
1.671999999999999875e-01
1.719999999999999862e-01
1.719999999999999862e-01
1.635999999999999954e-01
1.612000000000000099e-01
1.572000000000000064e-01
1.552000000000000046e-01
1.519999999999999962e-01
1.484000000000000041e-01
1.484000000000000041e-01
1.499999999999999944e-01
1.587999999999999967e-01
1.471999999999999975e-01
1.456000000000000072e-01
1.527999999999999914e-01
1.451999999999999957e-01
1.380000000000000115e-01
1.419999999999999873e-01
1.532000000000000028e-01
1.628000000000000003e-01
1.572000000000000064e-01
1.668000000000000038e-01
1.663999999999999924e-01
1.643999999999999906e-01
1.539999999999999980e-01
1.464000000000000024e-01
1.391999999999999904e-01
1.283999999999999864e-01
1.335999999999999965e-01
1.363999999999999935e-01
1.411999999999999922e-01
1.428000000000000103e-01
1.459999999999999909e-01
1.516000000000000125e-01
1.575999999999999901e-01
1.652000000000000135e-01
1.731999999999999929e-01
1.688000000000000056e-01
1.612000000000000099e-01
1.484000000000000041e-01
1.524000000000000077e-01
1.512000000000000011e-01
1.416000000000000036e-01
1.419999999999999873e-01
1.419999999999999873e-01
1.391999999999999904e-01
1.380000000000000115e-01
1.484000000000000041e-01
1.519999999999999962e-01
1.539999999999999980e-01
1.587999999999999967e-01
1.572000000000000064e-01
1.564000000000000112e-01
1.592000000000000082e-01
1.504000000000000059e-01
1.380000000000000115e-01
1.388000000000000067e-01
1.351999999999999869e-01
1.219999999999999973e-01
1.360000000000000098e-01
1.479999999999999927e-01
1.575999999999999901e-01
1.683999999999999941e-01
1.779999999999999916e-01
1.655999999999999972e-01
1.628000000000000003e-01
1.600000000000000033e-01
1.559999999999999998e-01
1.431999999999999940e-01
1.383999999999999952e-01
1.403999999999999970e-01
1.376000000000000001e-01
1.535999999999999865e-01
1.603999999999999870e-01
1.512000000000000011e-01
1.547999999999999932e-01
1.572000000000000064e-01
1.663999999999999924e-01
1.612000000000000099e-01
1.459999999999999909e-01
1.439999999999999891e-01
1.411999999999999922e-01
1.380000000000000115e-01
1.360000000000000098e-01
1.348000000000000032e-01
1.436000000000000054e-01
1.408000000000000085e-01
