8.319999999999999618e-02
8.719999999999999973e-02
9.039999999999999425e-02
9.719999999999999474e-02
1.011999999999999983e-01
9.919999999999999651e-02
9.959999999999999409e-02
9.400000000000000022e-02
9.080000000000000571e-02
9.800000000000000377e-02
9.360000000000000264e-02
9.080000000000000571e-02
9.760000000000000620e-02
9.840000000000000135e-02
1.076000000000000012e-01
1.059999999999999970e-01
1.059999999999999970e-01
1.068000000000000060e-01
1.079999999999999988e-01
1.044000000000000067e-01
1.028000000000000025e-01
1.028000000000000025e-01
1.059999999999999970e-01
1.024000000000000049e-01
1.019999999999999934e-01
1.120000000000000023e-01
1.184000000000000052e-01
1.208000000000000046e-01
1.184000000000000052e-01
1.208000000000000046e-01
1.175999999999999962e-01
1.079999999999999988e-01
9.199999999999999845e-02
8.799999999999999489e-02
9.279999999999999361e-02
9.039999999999999425e-02
8.799999999999999489e-02
8.480000000000000038e-02
8.119999999999999440e-02
8.440000000000000280e-02
8.400000000000000522e-02
8.920000000000000151e-02
8.480000000000000038e-02
8.599999999999999312e-02
9.239999999999999603e-02
9.080000000000000571e-02
8.480000000000000038e-02
8.840000000000000635e-02
8.920000000000000151e-02
1.000000000000000056e-01
9.560000000000000442e-02
8.559999999999999554e-02
8.079999999999999682e-02
8.240000000000000102e-02
8.240000000000000102e-02
8.119999999999999440e-02
8.559999999999999554e-02
8.999999999999999667e-02
8.880000000000000393e-02
8.719999999999999973e-02
9.520000000000000684e-02
1.079999999999999988e-01
1.136000000000000065e-01
1.160000000000000059e-01
1.151999999999999968e-01
1.168000000000000010e-01
1.175999999999999962e-01
1.215999999999999998e-01
1.096000000000000030e-01
9.160000000000000087e-02
8.240000000000000102e-02
7.879999999999999505e-02
8.440000000000000280e-02
7.679999999999999327e-02
7.799999999999999989e-02
9.080000000000000571e-02
9.760000000000000620e-02
1.100000000000000006e-01
1.111999999999999933e-01
1.203999999999999931e-01
1.123999999999999999e-01
1.055999999999999994e-01
1.000000000000000056e-01
1.072000000000000036e-01
1.052000000000000018e-01
1.055999999999999994e-01
1.015999999999999959e-01
1.000000000000000056e-01
8.959999999999999909e-02
8.480000000000000038e-02
9.360000000000000264e-02
9.360000000000000264e-02
1.024000000000000049e-01
9.120000000000000329e-02
9.239999999999999603e-02
9.080000000000000571e-02
7.960000000000000409e-02
8.279999999999999860e-02
7.720000000000000473e-02
7.639999999999999569e-02
7.359999999999999876e-02
7.359999999999999876e-02
7.399999999999999634e-02
7.159999999999999698e-02
7.599999999999999811e-02
7.839999999999999747e-02
8.759999999999999731e-02
9.760000000000000620e-02
1.019999999999999934e-01
1.055999999999999994e-01
1.044000000000000067e-01
1.092000000000000054e-01
1.039999999999999952e-01
9.560000000000000442e-02
9.320000000000000506e-02
8.999999999999999667e-02
9.719999999999999474e-02
9.719999999999999474e-02
9.160000000000000087e-02
8.880000000000000393e-02
9.679999999999999716e-02
8.440000000000000280e-02
7.399999999999999634e-02
7.960000000000000409e-02
8.279999999999999860e-02
8.319999999999999618e-02
8.759999999999999731e-02
9.320000000000000506e-02
9.520000000000000684e-02
9.959999999999999409e-02
1.035999999999999976e-01
1.044000000000000067e-01
1.100000000000000006e-01
1.116000000000000048e-01
1.168000000000000010e-01
1.151999999999999968e-01
1.164000000000000035e-01
1.068000000000000060e-01
1.072000000000000036e-01
1.107999999999999957e-01
1.188000000000000028e-01
1.087999999999999939e-01
1.131999999999999951e-01
1.140000000000000041e-01
1.035999999999999976e-01
1.035999999999999976e-01
9.639999999999999958e-02
9.039999999999999425e-02
9.320000000000000506e-02
8.480000000000000038e-02
8.719999999999999973e-02
8.599999999999999312e-02
8.440000000000000280e-02
8.920000000000000151e-02
9.560000000000000442e-02
8.759999999999999731e-02
8.680000000000000215e-02
8.680000000000000215e-02
8.279999999999999860e-02
7.520000000000000295e-02
8.039999999999999925e-02
7.280000000000000360e-02
7.560000000000000053e-02
7.560000000000000053e-02
7.280000000000000360e-02
7.520000000000000295e-02
8.559999999999999554e-02
8.240000000000000102e-02
8.959999999999999909e-02
1.028000000000000025e-01
1.063999999999999946e-01
1.107999999999999957e-01
1.151999999999999968e-01
1.116000000000000048e-01
1.032000000000000001e-01
1.092000000000000054e-01
1.079999999999999988e-01
1.039999999999999952e-01
1.019999999999999934e-01
