1.988000000000000045e-01
1.892000000000000071e-01
1.952000000000000124e-01
1.807999999999999885e-01
1.983999999999999930e-01
1.955999999999999961e-01
1.923999999999999877e-01
1.872000000000000053e-01
1.927999999999999992e-01
2.003999999999999948e-01
1.920000000000000040e-01
2.000000000000000111e-01
1.975999999999999979e-01
2.016000000000000014e-01
2.068000000000000116e-01
2.003999999999999948e-01
1.927999999999999992e-01
1.940000000000000058e-01
1.900000000000000022e-01
1.904000000000000137e-01
1.940000000000000058e-01
2.008000000000000063e-01
1.900000000000000022e-01
1.864000000000000101e-01
1.791999999999999982e-01
1.884000000000000119e-01
1.884000000000000119e-01
2.016000000000000014e-01
1.948000000000000009e-01
2.091999999999999971e-01
2.071999999999999953e-01
1.796000000000000096e-01
1.827999999999999903e-01
1.900000000000000022e-01
1.932000000000000106e-01
2.020000000000000129e-01
2.020000000000000129e-01
1.864000000000000101e-01
1.867999999999999938e-01
1.844000000000000083e-01
1.960000000000000075e-01
1.988000000000000045e-01
2.023999999999999966e-01
1.892000000000000071e-01
1.804000000000000048e-01
1.927999999999999992e-01
2.043999999999999984e-01
2.068000000000000116e-01
2.260000000000000064e-01
2.167999999999999927e-01
2.020000000000000129e-01
2.091999999999999971e-01
2.116000000000000103e-01
1.935999999999999943e-01
1.847999999999999921e-01
1.855999999999999872e-01
1.771999999999999964e-01
1.827999999999999903e-01
1.920000000000000040e-01
1.872000000000000053e-01
1.887999999999999956e-01
1.912000000000000088e-01
1.756000000000000061e-01
1.663999999999999924e-01
1.791999999999999982e-01
1.796000000000000096e-01
1.864000000000000101e-01
2.048000000000000098e-01
2.079999999999999905e-01
2.068000000000000116e-01
2.104000000000000037e-01
2.051999999999999935e-01
2.003999999999999948e-01
2.023999999999999966e-01
2.076000000000000068e-01
2.071999999999999953e-01
1.900000000000000022e-01
1.859999999999999987e-01
1.912000000000000088e-01
1.827999999999999903e-01
1.779999999999999916e-01
1.819999999999999951e-01
1.915999999999999925e-01
2.076000000000000068e-01
2.011999999999999900e-01
2.016000000000000014e-01
1.940000000000000058e-01
1.943999999999999895e-01
1.920000000000000040e-01
1.864000000000000101e-01
1.832000000000000017e-01
1.708000000000000074e-01
1.675999999999999990e-01
1.652000000000000135e-01
1.612000000000000099e-01
1.827999999999999903e-01
1.952000000000000124e-01
1.935999999999999943e-01
1.864000000000000101e-01
1.836000000000000132e-01
1.988000000000000045e-01
1.968000000000000027e-01
1.960000000000000075e-01
1.839999999999999969e-01
1.844000000000000083e-01
1.867999999999999938e-01
1.852000000000000035e-01
1.771999999999999964e-01
1.743999999999999995e-01
1.839999999999999969e-01
1.920000000000000040e-01
1.975999999999999979e-01
1.867999999999999938e-01
1.791999999999999982e-01
1.675999999999999990e-01
1.731999999999999929e-01
1.700000000000000122e-01
1.844000000000000083e-01
1.804000000000000048e-01
1.887999999999999956e-01
1.960000000000000075e-01
1.819999999999999951e-01
1.864000000000000101e-01
1.900000000000000022e-01
1.927999999999999992e-01
2.008000000000000063e-01
2.056000000000000050e-01
2.020000000000000129e-01
2.104000000000000037e-01
2.132000000000000006e-01
2.036000000000000032e-01
2.076000000000000068e-01
2.071999999999999953e-01
1.995999999999999996e-01
1.932000000000000106e-01
1.983999999999999930e-01
1.971999999999999864e-01
2.036000000000000032e-01
2.011999999999999900e-01
1.963999999999999913e-01
1.907999999999999974e-01
1.880000000000000004e-01
1.852000000000000035e-01
1.852000000000000035e-01
1.932000000000000106e-01
2.023999999999999966e-01
1.907999999999999974e-01
1.955999999999999961e-01
1.827999999999999903e-01
1.923999999999999877e-01
1.872000000000000053e-01
1.827999999999999903e-01
1.864000000000000101e-01
1.723999999999999977e-01
1.859999999999999987e-01
1.884000000000000119e-01
1.940000000000000058e-01
1.995999999999999996e-01
2.059999999999999887e-01
2.091999999999999971e-01
2.076000000000000068e-01
2.039999999999999869e-01
1.983999999999999930e-01
1.980000000000000093e-01
1.895999999999999908e-01
1.943999999999999895e-01
2.016000000000000014e-01
1.983999999999999930e-01
1.943999999999999895e-01
1.884000000000000119e-01
1.887999999999999956e-01
1.804000000000000048e-01
1.844000000000000083e-01
1.943999999999999895e-01
2.076000000000000068e-01
2.119999999999999940e-01
2.124000000000000055e-01
2.028000000000000080e-01
2.036000000000000032e-01
