1.164000000000000035e-01
1.140000000000000041e-01
1.179999999999999938e-01
1.195999999999999980e-01
1.160000000000000059e-01
1.219999999999999973e-01
1.272000000000000075e-01
1.300000000000000044e-01
1.335999999999999965e-01
1.275999999999999912e-01
1.223999999999999949e-01
1.267999999999999960e-01
1.123999999999999999e-01
1.243999999999999967e-01
1.255999999999999894e-01
1.239999999999999991e-01
1.228000000000000064e-01
1.151999999999999968e-01
1.223999999999999949e-01
1.140000000000000041e-01
1.116000000000000048e-01
1.175999999999999962e-01
1.164000000000000035e-01
1.151999999999999968e-01
1.203999999999999931e-01
1.175999999999999962e-01
1.215999999999999998e-01
1.188000000000000028e-01
1.171999999999999986e-01
1.083999999999999964e-01
1.068000000000000060e-01
1.019999999999999934e-01
1.123999999999999999e-01
1.120000000000000023e-01
1.103999999999999981e-01
1.103999999999999981e-01
1.155999999999999944e-01
1.239999999999999991e-01
1.283999999999999864e-01
1.323999999999999899e-01
1.323999999999999899e-01
1.451999999999999957e-01
1.340000000000000080e-01
1.439999999999999891e-01
1.312000000000000111e-01
1.175999999999999962e-01
1.068000000000000060e-01
9.320000000000000506e-02
1.000000000000000056e-01
1.116000000000000048e-01
1.175999999999999962e-01
1.247999999999999943e-01
1.252000000000000057e-01
1.255999999999999894e-01
1.232000000000000040e-01
1.147999999999999993e-01
1.087999999999999939e-01
1.015999999999999959e-01
1.028000000000000025e-01
1.032000000000000001e-01
1.052000000000000018e-01
1.068000000000000060e-01
1.028000000000000025e-01
9.840000000000000135e-02
9.760000000000000620e-02
1.096000000000000030e-01
1.063999999999999946e-01
1.059999999999999970e-01
1.052000000000000018e-01
1.192000000000000004e-01
1.208000000000000046e-01
1.208000000000000046e-01
1.223999999999999949e-01
1.243999999999999967e-01
1.320000000000000062e-01
1.255999999999999894e-01
1.179999999999999938e-01
1.215999999999999998e-01
1.136000000000000065e-01
1.063999999999999946e-01
1.028000000000000025e-01
9.959999999999999409e-02
1.011999999999999983e-01
1.055999999999999994e-01
1.083999999999999964e-01
1.111999999999999933e-01
1.199999999999999956e-01
1.300000000000000044e-01
1.239999999999999991e-01
1.208000000000000046e-01
1.243999999999999967e-01
1.252000000000000057e-01
1.228000000000000064e-01
1.252000000000000057e-01
1.391999999999999904e-01
1.348000000000000032e-01
1.247999999999999943e-01
1.212000000000000022e-01
1.168000000000000010e-01
1.179999999999999938e-01
1.144000000000000017e-01
1.215999999999999998e-01
1.267999999999999960e-01
1.247999999999999943e-01
1.275999999999999912e-01
1.303999999999999881e-01
1.192000000000000004e-01
1.228000000000000064e-01
1.247999999999999943e-01
1.072000000000000036e-01
1.111999999999999933e-01
1.087999999999999939e-01
1.164000000000000035e-01
1.252000000000000057e-01
1.168000000000000010e-01
1.208000000000000046e-01
1.208000000000000046e-01
1.155999999999999944e-01
1.144000000000000017e-01
1.111999999999999933e-01
1.096000000000000030e-01
1.123999999999999999e-01
1.096000000000000030e-01
1.107999999999999957e-01
1.155999999999999944e-01
1.096000000000000030e-01
1.068000000000000060e-01
1.116000000000000048e-01
1.208000000000000046e-01
1.303999999999999881e-01
1.388000000000000067e-01
1.400000000000000133e-01
1.456000000000000072e-01
1.416000000000000036e-01
1.464000000000000024e-01
1.323999999999999899e-01
1.212000000000000022e-01
1.136000000000000065e-01
1.111999999999999933e-01
1.155999999999999944e-01
1.151999999999999968e-01
1.087999999999999939e-01
1.203999999999999931e-01
1.116000000000000048e-01
1.147999999999999993e-01
1.059999999999999970e-01
1.096000000000000030e-01
1.059999999999999970e-01
1.103999999999999981e-01
1.219999999999999973e-01
1.343999999999999917e-01
1.328000000000000014e-01
1.335999999999999965e-01
1.275999999999999912e-01
1.188000000000000028e-01
1.140000000000000041e-01
1.223999999999999949e-01
1.103999999999999981e-01
1.188000000000000028e-01
1.123999999999999999e-01
1.107999999999999957e-01
1.168000000000000010e-01
1.111999999999999933e-01
1.111999999999999933e-01
1.096000000000000030e-01
1.048000000000000043e-01
1.008000000000000007e-01
1.000000000000000056e-01
1.055999999999999994e-01
1.063999999999999946e-01
1.116000000000000048e-01
1.092000000000000054e-01
1.212000000000000022e-01
1.223999999999999949e-01
1.260000000000000009e-01
1.320000000000000062e-01
1.340000000000000080e-01
1.303999999999999881e-01
1.264000000000000123e-01
