1.959999999999999937e-02
1.839999999999999969e-02
2.199999999999999872e-02
2.479999999999999913e-02
2.479999999999999913e-02
2.520000000000000018e-02
2.520000000000000018e-02
2.680000000000000090e-02
2.879999999999999921e-02
2.800000000000000058e-02
2.999999999999999889e-02
3.320000000000000034e-02
3.160000000000000309e-02
3.479999999999999760e-02
4.599999999999999922e-02
4.719999999999999890e-02
5.480000000000000149e-02
5.559999999999999665e-02
5.920000000000000262e-02
5.559999999999999665e-02
5.759999999999999842e-02
6.919999999999999762e-02
6.759999999999999343e-02
7.159999999999999698e-02
7.359999999999999876e-02
7.560000000000000053e-02
7.960000000000000409e-02
8.999999999999999667e-02
9.239999999999999603e-02
9.840000000000000135e-02
1.092000000000000054e-01
1.048000000000000043e-01
1.087999999999999939e-01
1.000000000000000056e-01
1.004000000000000031e-01
9.679999999999999716e-02
8.799999999999999489e-02
8.480000000000000038e-02
8.599999999999999312e-02
8.799999999999999489e-02
8.000000000000000167e-02
6.800000000000000488e-02
7.119999999999999940e-02
6.360000000000000375e-02
6.600000000000000311e-02
5.759999999999999842e-02
5.600000000000000117e-02
6.560000000000000553e-02
6.079999999999999988e-02
5.759999999999999842e-02
5.639999999999999875e-02
5.960000000000000020e-02
7.000000000000000666e-02
6.880000000000000004e-02
6.880000000000000004e-02
6.840000000000000246e-02
7.199999999999999456e-02
5.879999999999999810e-02
5.800000000000000294e-02
5.879999999999999810e-02
5.999999999999999778e-02
5.720000000000000084e-02
5.279999999999999971e-02
4.880000000000000310e-02
4.880000000000000310e-02
4.599999999999999922e-02
4.240000000000000019e-02
3.479999999999999760e-02
3.160000000000000309e-02
2.879999999999999921e-02
2.960000000000000131e-02
4.000000000000000083e-02
4.519999999999999712e-02
4.839999999999999858e-02
5.199999999999999761e-02
5.840000000000000052e-02
5.920000000000000262e-02
6.079999999999999988e-02
6.959999999999999520e-02
6.679999999999999827e-02
7.159999999999999698e-02
7.199999999999999456e-02
7.599999999999999811e-02
8.119999999999999440e-02
7.920000000000000651e-02
7.960000000000000409e-02
7.960000000000000409e-02
7.320000000000000118e-02
7.679999999999999327e-02
7.599999999999999811e-02
8.599999999999999312e-02
8.999999999999999667e-02
9.039999999999999425e-02
9.160000000000000087e-02
9.239999999999999603e-02
8.920000000000000151e-02
8.759999999999999731e-02
8.559999999999999554e-02
9.039999999999999425e-02
8.680000000000000215e-02
8.400000000000000522e-02
8.079999999999999682e-02
8.039999999999999925e-02
7.520000000000000295e-02
6.759999999999999343e-02
7.040000000000000424e-02
6.959999999999999520e-02
7.080000000000000182e-02
6.840000000000000246e-02
5.800000000000000294e-02
5.680000000000000326e-02
5.999999999999999778e-02
4.560000000000000164e-02
4.279999999999999777e-02
4.560000000000000164e-02
4.760000000000000342e-02
4.719999999999999890e-02
4.560000000000000164e-02
4.200000000000000261e-02
4.359999999999999987e-02
4.399999999999999745e-02
5.079999999999999793e-02
4.680000000000000132e-02
4.279999999999999777e-02
4.680000000000000132e-02
4.719999999999999890e-02
4.680000000000000132e-02
5.000000000000000278e-02
5.399999999999999939e-02
5.999999999999999778e-02
5.840000000000000052e-02
5.680000000000000326e-02
5.600000000000000117e-02
5.600000000000000117e-02
5.480000000000000149e-02
5.600000000000000117e-02
6.640000000000000069e-02
7.040000000000000424e-02
6.880000000000000004e-02
7.320000000000000118e-02
8.000000000000000167e-02
8.079999999999999682e-02
7.839999999999999747e-02
7.879999999999999505e-02
8.400000000000000522e-02
8.840000000000000635e-02
9.560000000000000442e-02
9.600000000000000200e-02
9.840000000000000135e-02
1.028000000000000025e-01
9.160000000000000087e-02
7.839999999999999747e-02
7.799999999999999989e-02
7.240000000000000602e-02
6.079999999999999988e-02
6.279999999999999472e-02
6.119999999999999746e-02
5.680000000000000326e-02
6.160000000000000198e-02
6.040000000000000230e-02
5.879999999999999810e-02
5.480000000000000149e-02
5.600000000000000117e-02
5.680000000000000326e-02
5.600000000000000117e-02
5.840000000000000052e-02
5.279999999999999971e-02
5.600000000000000117e-02
5.360000000000000181e-02
5.800000000000000294e-02
5.879999999999999810e-02
6.400000000000000133e-02
7.439999999999999392e-02
7.000000000000000666e-02
7.240000000000000602e-02
7.000000000000000666e-02
6.360000000000000375e-02
6.320000000000000617e-02
6.360000000000000375e-02
