1.719999999999999862e-01
1.731999999999999929e-01
1.812000000000000000e-01
1.655999999999999972e-01
1.731999999999999929e-01
1.620000000000000051e-01
1.580000000000000016e-01
1.532000000000000028e-01
1.487999999999999878e-01
1.456000000000000072e-01
1.323999999999999899e-01
1.315999999999999948e-01
1.423999999999999988e-01
1.615999999999999936e-01
1.703999999999999959e-01
1.691999999999999893e-01
1.675999999999999990e-01
1.764000000000000012e-01
1.736000000000000043e-01
1.743999999999999995e-01
1.623999999999999888e-01
1.607999999999999985e-01
1.640000000000000069e-01
1.564000000000000112e-01
1.691999999999999893e-01
1.468000000000000138e-01
1.479999999999999927e-01
1.547999999999999932e-01
1.607999999999999985e-01
1.628000000000000003e-01
1.691999999999999893e-01
1.680000000000000104e-01
1.623999999999999888e-01
1.580000000000000016e-01
1.607999999999999985e-01
1.607999999999999985e-01
1.719999999999999862e-01
1.791999999999999982e-01
1.844000000000000083e-01
1.923999999999999877e-01
1.791999999999999982e-01
1.607999999999999985e-01
1.675999999999999990e-01
1.675999999999999990e-01
1.688000000000000056e-01
1.612000000000000099e-01
1.635999999999999954e-01
1.595999999999999919e-01
1.683999999999999941e-01
1.652000000000000135e-01
1.539999999999999980e-01
1.587999999999999967e-01
1.607999999999999985e-01
1.595999999999999919e-01
1.632000000000000117e-01
1.675999999999999990e-01
1.607999999999999985e-01
1.572000000000000064e-01
1.535999999999999865e-01
1.527999999999999914e-01
1.572000000000000064e-01
1.716000000000000025e-01
1.680000000000000104e-01
1.764000000000000012e-01
1.748000000000000109e-01
1.660000000000000087e-01
1.635999999999999954e-01
1.584000000000000130e-01
1.575999999999999901e-01
1.648000000000000020e-01
1.675999999999999990e-01
1.719999999999999862e-01
1.648000000000000020e-01
1.660000000000000087e-01
1.607999999999999985e-01
1.620000000000000051e-01
1.683999999999999941e-01
1.623999999999999888e-01
1.584000000000000130e-01
1.575999999999999901e-01
1.572000000000000064e-01
1.668000000000000038e-01
1.660000000000000087e-01
1.723999999999999977e-01
1.716000000000000025e-01
1.623999999999999888e-01
1.516000000000000125e-01
1.436000000000000054e-01
1.444000000000000006e-01
1.391999999999999904e-01
1.468000000000000138e-01
1.512000000000000011e-01
1.640000000000000069e-01
1.711999999999999911e-01
1.615999999999999936e-01
1.584000000000000130e-01
1.487999999999999878e-01
1.512000000000000011e-01
1.552000000000000046e-01
1.491999999999999993e-01
1.648000000000000020e-01
1.799999999999999933e-01
1.764000000000000012e-01
1.779999999999999916e-01
1.607999999999999985e-01
1.600000000000000033e-01
1.603999999999999870e-01
1.527999999999999914e-01
1.512000000000000011e-01
1.555999999999999883e-01
1.683999999999999941e-01
1.743999999999999995e-01
1.816000000000000114e-01
1.844000000000000083e-01
1.719999999999999862e-01
1.728000000000000091e-01
1.655999999999999972e-01
1.559999999999999998e-01
1.527999999999999914e-01
1.487999999999999878e-01
1.547999999999999932e-01
1.512000000000000011e-01
1.448000000000000120e-01
1.527999999999999914e-01
1.607999999999999985e-01
1.632000000000000117e-01
1.688000000000000056e-01
1.680000000000000104e-01
1.711999999999999911e-01
1.764000000000000012e-01
1.688000000000000056e-01
1.600000000000000033e-01
1.595999999999999919e-01
1.524000000000000077e-01
1.516000000000000125e-01
1.595999999999999919e-01
1.683999999999999941e-01
1.696000000000000008e-01
1.723999999999999977e-01
1.635999999999999954e-01
1.711999999999999911e-01
1.671999999999999875e-01
1.615999999999999936e-01
1.700000000000000122e-01
1.728000000000000091e-01
1.771999999999999964e-01
1.723999999999999977e-01
1.660000000000000087e-01
1.544000000000000095e-01
1.584000000000000130e-01
1.612000000000000099e-01
1.655999999999999972e-01
1.652000000000000135e-01
1.683999999999999941e-01
1.723999999999999977e-01
1.728000000000000091e-01
1.663999999999999924e-01
1.592000000000000082e-01
1.620000000000000051e-01
1.635999999999999954e-01
1.640000000000000069e-01
1.572000000000000064e-01
1.423999999999999988e-01
1.448000000000000120e-01
1.552000000000000046e-01
1.504000000000000059e-01
1.476000000000000090e-01
1.600000000000000033e-01
1.723999999999999977e-01
1.784000000000000030e-01
1.859999999999999987e-01
1.739999999999999880e-01
1.696000000000000008e-01
1.628000000000000003e-01
1.600000000000000033e-01
1.640000000000000069e-01
1.564000000000000112e-01
1.507999999999999896e-01
1.507999999999999896e-01
