2.079999999999999905e-02
1.839999999999999969e-02
1.760000000000000106e-02
2.040000000000000147e-02
1.880000000000000074e-02
1.959999999999999937e-02
1.880000000000000074e-02
2.280000000000000082e-02
2.599999999999999881e-02
2.759999999999999953e-02
2.639999999999999986e-02
2.800000000000000058e-02
2.999999999999999889e-02
3.599999999999999728e-02
3.960000000000000325e-02
4.320000000000000229e-02
4.200000000000000261e-02
4.080000000000000293e-02
4.359999999999999987e-02
4.560000000000000164e-02
5.120000000000000245e-02
5.240000000000000213e-02
5.040000000000000036e-02
5.120000000000000245e-02
4.800000000000000100e-02
4.680000000000000132e-02
5.559999999999999665e-02
6.479999999999999649e-02
6.519999999999999407e-02
6.759999999999999343e-02
6.800000000000000488e-02
7.080000000000000182e-02
7.480000000000000537e-02
7.000000000000000666e-02
7.159999999999999698e-02
7.320000000000000118e-02
7.199999999999999456e-02
6.640000000000000069e-02
6.360000000000000375e-02
6.199999999999999956e-02
5.519999999999999907e-02
4.880000000000000310e-02
4.839999999999999858e-02
4.519999999999999712e-02
4.880000000000000310e-02
3.719999999999999696e-02
3.440000000000000002e-02
3.280000000000000276e-02
3.799999999999999906e-02
3.640000000000000180e-02
3.599999999999999728e-02
3.599999999999999728e-02
3.839999999999999664e-02
4.080000000000000293e-02
3.799999999999999906e-02
4.320000000000000229e-02
4.959999999999999826e-02
5.040000000000000036e-02
4.959999999999999826e-02
5.040000000000000036e-02
5.000000000000000278e-02
4.200000000000000261e-02
4.639999999999999680e-02
4.560000000000000164e-02
4.479999999999999954e-02
4.080000000000000293e-02
4.719999999999999890e-02
4.839999999999999858e-02
4.399999999999999745e-02
4.080000000000000293e-02
3.880000000000000115e-02
3.919999999999999873e-02
3.839999999999999664e-02
4.080000000000000293e-02
4.279999999999999777e-02
4.880000000000000310e-02
4.599999999999999922e-02
4.719999999999999890e-02
4.880000000000000310e-02
5.399999999999999939e-02
5.199999999999999761e-02
5.240000000000000213e-02
5.639999999999999875e-02
6.160000000000000198e-02
5.840000000000000052e-02
5.519999999999999907e-02
5.920000000000000262e-02
5.439999999999999697e-02
5.519999999999999907e-02
5.840000000000000052e-02
6.360000000000000375e-02
6.239999999999999714e-02
6.560000000000000553e-02
6.640000000000000069e-02
6.400000000000000133e-02
6.560000000000000553e-02
6.560000000000000553e-02
7.080000000000000182e-02
6.600000000000000311e-02
5.960000000000000020e-02
6.279999999999999472e-02
6.160000000000000198e-02
6.199999999999999956e-02
5.759999999999999842e-02
5.960000000000000020e-02
5.399999999999999939e-02
5.000000000000000278e-02
4.399999999999999745e-02
3.960000000000000325e-02
4.399999999999999745e-02
4.639999999999999680e-02
4.159999999999999809e-02
3.960000000000000325e-02
4.399999999999999745e-02
4.039999999999999841e-02
4.599999999999999922e-02
4.680000000000000132e-02
4.440000000000000197e-02
4.519999999999999712e-02
4.399999999999999745e-02
3.799999999999999906e-02
3.919999999999999873e-02
3.799999999999999906e-02
3.640000000000000180e-02
3.679999999999999938e-02
4.279999999999999777e-02
4.200000000000000261e-02
4.120000000000000051e-02
4.479999999999999954e-02
5.079999999999999793e-02
4.959999999999999826e-02
5.439999999999999697e-02
5.079999999999999793e-02
5.399999999999999939e-02
5.000000000000000278e-02
4.560000000000000164e-02
4.760000000000000342e-02
4.479999999999999954e-02
5.199999999999999761e-02
5.800000000000000294e-02
6.600000000000000311e-02
7.080000000000000182e-02
7.320000000000000118e-02
7.240000000000000602e-02
6.519999999999999407e-02
6.919999999999999762e-02
5.999999999999999778e-02
5.079999999999999793e-02
4.719999999999999890e-02
4.959999999999999826e-02
4.920000000000000068e-02
4.719999999999999890e-02
4.920000000000000068e-02
4.680000000000000132e-02
4.519999999999999712e-02
4.959999999999999826e-02
4.519999999999999712e-02
4.320000000000000229e-02
4.920000000000000068e-02
5.559999999999999665e-02
5.079999999999999793e-02
4.000000000000000083e-02
3.919999999999999873e-02
3.799999999999999906e-02
4.159999999999999809e-02
4.320000000000000229e-02
4.200000000000000261e-02
4.039999999999999841e-02
4.599999999999999922e-02
4.839999999999999858e-02
4.839999999999999858e-02
4.440000000000000197e-02
4.479999999999999954e-02
4.359999999999999987e-02
4.200000000000000261e-02
4.200000000000000261e-02
4.359999999999999987e-02
4.519999999999999712e-02
4.560000000000000164e-02
