8.000000000000000167e-03
7.199999999999999803e-03
6.000000000000000125e-03
8.399999999999999481e-03
6.400000000000000307e-03
7.199999999999999803e-03
9.199999999999999845e-03
1.119999999999999989e-02
1.080000000000000057e-02
9.599999999999999159e-03
1.039999999999999952e-02
1.280000000000000061e-02
1.359999999999999924e-02
1.359999999999999924e-02
1.519999999999999997e-02
1.640000000000000138e-02
1.839999999999999969e-02
1.760000000000000106e-02
1.959999999999999937e-02
1.959999999999999937e-02
1.880000000000000074e-02
2.040000000000000147e-02
2.879999999999999921e-02
3.119999999999999857e-02
3.039999999999999994e-02
2.719999999999999848e-02
2.920000000000000026e-02
3.440000000000000002e-02
3.960000000000000325e-02
3.880000000000000115e-02
4.440000000000000197e-02
4.440000000000000197e-02
4.159999999999999809e-02
4.000000000000000083e-02
4.159999999999999809e-02
4.560000000000000164e-02
4.039999999999999841e-02
4.120000000000000051e-02
4.120000000000000051e-02
4.320000000000000229e-02
4.639999999999999680e-02
4.760000000000000342e-02
5.279999999999999971e-02
5.040000000000000036e-02
5.199999999999999761e-02
5.439999999999999697e-02
5.519999999999999907e-02
5.800000000000000294e-02
5.720000000000000084e-02
5.960000000000000020e-02
5.720000000000000084e-02
6.119999999999999746e-02
5.600000000000000117e-02
5.800000000000000294e-02
6.719999999999999585e-02
6.279999999999999472e-02
6.719999999999999585e-02
7.000000000000000666e-02
7.399999999999999634e-02
8.200000000000000344e-02
8.999999999999999667e-02
9.279999999999999361e-02
9.639999999999999958e-02
9.199999999999999845e-02
8.200000000000000344e-02
7.560000000000000053e-02
5.879999999999999810e-02
5.519999999999999907e-02
5.120000000000000245e-02
4.440000000000000197e-02
3.760000000000000148e-02
4.279999999999999777e-02
3.799999999999999906e-02
4.399999999999999745e-02
4.959999999999999826e-02
5.040000000000000036e-02
5.559999999999999665e-02
5.960000000000000020e-02
5.240000000000000213e-02
4.839999999999999858e-02
4.599999999999999922e-02
4.399999999999999745e-02
3.960000000000000325e-02
3.679999999999999938e-02
4.279999999999999777e-02
4.800000000000000100e-02
4.519999999999999712e-02
3.760000000000000148e-02
3.479999999999999760e-02
3.679999999999999938e-02
4.000000000000000083e-02
3.839999999999999664e-02
4.120000000000000051e-02
4.399999999999999745e-02
4.159999999999999809e-02
3.919999999999999873e-02
4.000000000000000083e-02
4.240000000000000019e-02
4.639999999999999680e-02
4.479999999999999954e-02
4.599999999999999922e-02
4.399999999999999745e-02
4.880000000000000310e-02
4.760000000000000342e-02
4.519999999999999712e-02
4.320000000000000229e-02
4.680000000000000132e-02
4.959999999999999826e-02
5.439999999999999697e-02
4.839999999999999858e-02
4.479999999999999954e-02
4.760000000000000342e-02
4.839999999999999858e-02
4.599999999999999922e-02
5.519999999999999907e-02
4.920000000000000068e-02
4.800000000000000100e-02
5.360000000000000181e-02
4.719999999999999890e-02
4.719999999999999890e-02
4.920000000000000068e-02
5.439999999999999697e-02
5.160000000000000003e-02
5.120000000000000245e-02
4.920000000000000068e-02
4.719999999999999890e-02
4.920000000000000068e-02
4.920000000000000068e-02
5.199999999999999761e-02
5.120000000000000245e-02
4.479999999999999954e-02
4.120000000000000051e-02
3.880000000000000115e-02
4.359999999999999987e-02
4.359999999999999987e-02
4.479999999999999954e-02
4.760000000000000342e-02
4.800000000000000100e-02
4.320000000000000229e-02
4.680000000000000132e-02
4.959999999999999826e-02
5.120000000000000245e-02
4.719999999999999890e-02
5.079999999999999793e-02
4.479999999999999954e-02
4.479999999999999954e-02
4.080000000000000293e-02
4.479999999999999954e-02
4.440000000000000197e-02
4.279999999999999777e-02
4.800000000000000100e-02
4.839999999999999858e-02
4.599999999999999922e-02
4.760000000000000342e-02
4.560000000000000164e-02
5.120000000000000245e-02
4.839999999999999858e-02
4.279999999999999777e-02
4.479999999999999954e-02
4.639999999999999680e-02
5.079999999999999793e-02
5.160000000000000003e-02
5.680000000000000326e-02
5.920000000000000262e-02
5.279999999999999971e-02
5.399999999999999939e-02
4.959999999999999826e-02
5.000000000000000278e-02
4.519999999999999712e-02
4.399999999999999745e-02
4.920000000000000068e-02
4.800000000000000100e-02
5.000000000000000278e-02
5.160000000000000003e-02
4.839999999999999858e-02
5.079999999999999793e-02
4.880000000000000310e-02
5.040000000000000036e-02
4.920000000000000068e-02
