9.639999999999999958e-02
1.123999999999999999e-01
1.087999999999999939e-01
1.140000000000000041e-01
1.123999999999999999e-01
1.140000000000000041e-01
1.059999999999999970e-01
1.195999999999999980e-01
1.147999999999999993e-01
1.212000000000000022e-01
1.223999999999999949e-01
1.175999999999999962e-01
1.160000000000000059e-01
1.107999999999999957e-01
1.212000000000000022e-01
1.087999999999999939e-01
1.096000000000000030e-01
1.083999999999999964e-01
1.096000000000000030e-01
1.243999999999999967e-01
1.255999999999999894e-01
1.360000000000000098e-01
1.335999999999999965e-01
1.323999999999999899e-01
1.343999999999999917e-01
1.351999999999999869e-01
1.247999999999999943e-01
1.232000000000000040e-01
1.179999999999999938e-01
1.175999999999999962e-01
1.123999999999999999e-01
1.035999999999999976e-01
9.719999999999999474e-02
9.560000000000000442e-02
9.400000000000000022e-02
9.360000000000000264e-02
9.080000000000000571e-02
9.239999999999999603e-02
9.639999999999999958e-02
1.100000000000000006e-01
1.120000000000000023e-01
1.184000000000000052e-01
1.164000000000000035e-01
1.120000000000000023e-01
1.131999999999999951e-01
1.127999999999999975e-01
1.120000000000000023e-01
1.092000000000000054e-01
1.059999999999999970e-01
9.959999999999999409e-02
9.360000000000000264e-02
8.920000000000000151e-02
8.480000000000000038e-02
8.480000000000000038e-02
8.400000000000000522e-02
8.680000000000000215e-02
8.640000000000000457e-02
8.759999999999999731e-02
8.359999999999999376e-02
8.559999999999999554e-02
8.840000000000000635e-02
9.199999999999999845e-02
9.320000000000000506e-02
1.039999999999999952e-01
1.100000000000000006e-01
1.123999999999999999e-01
1.144000000000000017e-01
1.131999999999999951e-01
1.151999999999999968e-01
1.151999999999999968e-01
1.144000000000000017e-01
1.103999999999999981e-01
1.155999999999999944e-01
1.212000000000000022e-01
1.100000000000000006e-01
1.144000000000000017e-01
1.087999999999999939e-01
1.055999999999999994e-01
9.800000000000000377e-02
9.239999999999999603e-02
8.359999999999999376e-02
8.799999999999999489e-02
9.320000000000000506e-02
9.120000000000000329e-02
9.279999999999999361e-02
9.320000000000000506e-02
9.400000000000000022e-02
8.799999999999999489e-02
8.799999999999999489e-02
9.800000000000000377e-02
1.019999999999999934e-01
1.076000000000000012e-01
1.140000000000000041e-01
1.100000000000000006e-01
1.083999999999999964e-01
1.116000000000000048e-01
1.092000000000000054e-01
1.155999999999999944e-01
1.228000000000000064e-01
1.355999999999999983e-01
1.400000000000000133e-01
1.272000000000000075e-01
1.264000000000000123e-01
1.147999999999999993e-01
1.107999999999999957e-01
1.096000000000000030e-01
1.044000000000000067e-01
1.008000000000000007e-01
9.320000000000000506e-02
9.639999999999999958e-02
1.111999999999999933e-01
1.079999999999999988e-01
1.048000000000000043e-01
9.959999999999999409e-02
9.760000000000000620e-02
9.760000000000000620e-02
1.028000000000000025e-01
1.011999999999999983e-01
9.959999999999999409e-02
9.679999999999999716e-02
9.439999999999999780e-02
9.439999999999999780e-02
9.360000000000000264e-02
9.400000000000000022e-02
8.880000000000000393e-02
8.319999999999999618e-02
8.599999999999999312e-02
8.279999999999999860e-02
8.480000000000000038e-02
7.599999999999999811e-02
7.000000000000000666e-02
8.079999999999999682e-02
7.960000000000000409e-02
8.880000000000000393e-02
9.439999999999999780e-02
9.279999999999999361e-02
9.120000000000000329e-02
8.400000000000000522e-02
1.008000000000000007e-01
1.092000000000000054e-01
1.127999999999999975e-01
1.155999999999999944e-01
1.252000000000000057e-01
1.232000000000000040e-01
1.123999999999999999e-01
1.195999999999999980e-01
1.195999999999999980e-01
1.264000000000000123e-01
1.243999999999999967e-01
1.292000000000000093e-01
1.260000000000000009e-01
1.355999999999999983e-01
1.300000000000000044e-01
1.228000000000000064e-01
1.184000000000000052e-01
1.232000000000000040e-01
1.292000000000000093e-01
1.260000000000000009e-01
1.320000000000000062e-01
1.175999999999999962e-01
1.283999999999999864e-01
1.243999999999999967e-01
1.175999999999999962e-01
1.203999999999999931e-01
1.131999999999999951e-01
1.195999999999999980e-01
1.164000000000000035e-01
1.035999999999999976e-01
1.024000000000000049e-01
1.000000000000000056e-01
1.052000000000000018e-01
1.044000000000000067e-01
1.008000000000000007e-01
9.639999999999999958e-02
9.239999999999999603e-02
9.959999999999999409e-02
9.520000000000000684e-02
1.011999999999999983e-01
1.068000000000000060e-01
1.116000000000000048e-01
1.147999999999999993e-01
1.096000000000000030e-01
1.079999999999999988e-01
1.127999999999999975e-01
1.096000000000000030e-01
1.131999999999999951e-01
1.120000000000000023e-01
1.055999999999999994e-01
1.103999999999999981e-01
1.076000000000000012e-01
9.760000000000000620e-02
9.800000000000000377e-02
9.520000000000000684e-02
1.011999999999999983e-01
1.083999999999999964e-01
1.059999999999999970e-01
1.079999999999999988e-01
9.679999999999999716e-02
9.919999999999999651e-02
9.840000000000000135e-02
9.239999999999999603e-02
9.840000000000000135e-02
1.048000000000000043e-01
1.100000000000000006e-01
1.072000000000000036e-01
1.052000000000000018e-01
1.100000000000000006e-01
1.103999999999999981e-01
1.100000000000000006e-01
1.179999999999999938e-01
1.223999999999999949e-01
1.127999999999999975e-01
1.008000000000000007e-01
1.004000000000000031e-01
1.011999999999999983e-01
1.072000000000000036e-01
1.000000000000000056e-01
9.439999999999999780e-02
9.719999999999999474e-02
9.360000000000000264e-02
9.120000000000000329e-02
9.160000000000000087e-02
9.080000000000000571e-02
9.400000000000000022e-02
9.719999999999999474e-02
1.015999999999999959e-01
1.096000000000000030e-01
1.116000000000000048e-01
1.131999999999999951e-01
1.123999999999999999e-01
1.087999999999999939e-01
1.103999999999999981e-01
1.063999999999999946e-01
1.044000000000000067e-01
1.000000000000000056e-01
9.279999999999999361e-02
9.279999999999999361e-02
9.239999999999999603e-02
9.400000000000000022e-02
9.800000000000000377e-02
1.055999999999999994e-01
1.032000000000000001e-01
8.400000000000000522e-02
8.840000000000000635e-02
9.479999999999999538e-02
9.959999999999999409e-02
1.028000000000000025e-01
1.024000000000000049e-01
1.131999999999999951e-01
1.219999999999999973e-01
1.239999999999999991e-01
1.239999999999999991e-01
1.208000000000000046e-01
1.212000000000000022e-01
1.199999999999999956e-01
1.127999999999999975e-01
1.072000000000000036e-01
9.400000000000000022e-02
9.400000000000000022e-02
9.879999999999999893e-02
1.155999999999999944e-01
1.120000000000000023e-01
1.131999999999999951e-01
1.168000000000000010e-01
1.116000000000000048e-01
1.136000000000000065e-01
1.123999999999999999e-01
1.151999999999999968e-01
1.039999999999999952e-01
9.560000000000000442e-02
9.800000000000000377e-02
9.400000000000000022e-02
9.080000000000000571e-02
8.999999999999999667e-02
9.679999999999999716e-02
9.600000000000000200e-02
9.239999999999999603e-02
9.679999999999999716e-02
9.520000000000000684e-02
9.639999999999999958e-02
9.320000000000000506e-02
8.559999999999999554e-02
9.719999999999999474e-02
1.039999999999999952e-01
1.044000000000000067e-01
1.039999999999999952e-01
1.035999999999999976e-01
1.147999999999999993e-01
1.255999999999999894e-01
1.300000000000000044e-01
1.287999999999999978e-01
1.232000000000000040e-01
1.232000000000000040e-01
1.144000000000000017e-01
1.160000000000000059e-01
1.136000000000000065e-01
1.059999999999999970e-01
1.068000000000000060e-01
1.039999999999999952e-01
9.439999999999999780e-02
9.360000000000000264e-02
9.439999999999999780e-02
9.800000000000000377e-02
9.760000000000000620e-02
9.800000000000000377e-02
9.600000000000000200e-02
1.055999999999999994e-01
1.011999999999999983e-01
1.111999999999999933e-01
1.215999999999999998e-01
1.320000000000000062e-01
1.203999999999999931e-01
1.203999999999999931e-01
1.303999999999999881e-01
1.267999999999999960e-01
1.179999999999999938e-01
1.179999999999999938e-01
1.059999999999999970e-01
1.123999999999999999e-01
1.151999999999999968e-01
1.120000000000000023e-01
1.199999999999999956e-01
1.212000000000000022e-01
1.111999999999999933e-01
1.055999999999999994e-01
1.004000000000000031e-01
9.320000000000000506e-02
8.840000000000000635e-02
8.440000000000000280e-02
8.599999999999999312e-02
7.920000000000000651e-02
7.520000000000000295e-02
7.839999999999999747e-02
7.480000000000000537e-02
7.679999999999999327e-02
7.439999999999999392e-02
8.480000000000000038e-02
8.599999999999999312e-02
8.840000000000000635e-02
9.239999999999999603e-02
9.479999999999999538e-02
1.032000000000000001e-01
1.116000000000000048e-01
1.111999999999999933e-01
1.059999999999999970e-01
1.019999999999999934e-01
1.008000000000000007e-01
1.111999999999999933e-01
1.195999999999999980e-01
1.243999999999999967e-01
1.232000000000000040e-01
1.120000000000000023e-01
1.059999999999999970e-01
1.131999999999999951e-01
1.059999999999999970e-01
1.140000000000000041e-01
1.111999999999999933e-01
1.044000000000000067e-01
1.079999999999999988e-01
1.052000000000000018e-01
1.035999999999999976e-01
9.840000000000000135e-02
9.479999999999999538e-02
9.360000000000000264e-02
9.879999999999999893e-02
8.840000000000000635e-02
8.719999999999999973e-02
9.479999999999999538e-02
9.959999999999999409e-02
1.024000000000000049e-01
1.147999999999999993e-01
1.116000000000000048e-01
1.192000000000000004e-01
1.151999999999999968e-01
1.123999999999999999e-01
1.171999999999999986e-01
1.212000000000000022e-01
1.151999999999999968e-01
1.168000000000000010e-01
1.127999999999999975e-01
1.107999999999999957e-01
1.063999999999999946e-01
1.032000000000000001e-01
1.059999999999999970e-01
1.015999999999999959e-01
1.035999999999999976e-01
1.055999999999999994e-01
1.079999999999999988e-01
1.052000000000000018e-01
1.048000000000000043e-01
1.028000000000000025e-01
9.039999999999999425e-02
9.120000000000000329e-02
9.639999999999999958e-02
9.639999999999999958e-02
1.032000000000000001e-01
1.015999999999999959e-01
9.760000000000000620e-02
9.760000000000000620e-02
9.760000000000000620e-02
9.479999999999999538e-02
1.028000000000000025e-01
1.055999999999999994e-01
1.000000000000000056e-01
1.008000000000000007e-01
9.239999999999999603e-02
8.959999999999999909e-02
8.000000000000000167e-02
9.400000000000000022e-02
8.840000000000000635e-02
8.759999999999999731e-02
9.919999999999999651e-02
1.096000000000000030e-01
1.127999999999999975e-01
1.168000000000000010e-01
1.184000000000000052e-01
1.160000000000000059e-01
1.184000000000000052e-01
1.151999999999999968e-01
1.063999999999999946e-01
1.059999999999999970e-01
1.004000000000000031e-01
9.840000000000000135e-02
9.120000000000000329e-02
8.480000000000000038e-02
7.839999999999999747e-02
8.000000000000000167e-02
9.520000000000000684e-02
9.800000000000000377e-02
9.360000000000000264e-02
9.199999999999999845e-02
9.679999999999999716e-02
9.840000000000000135e-02
9.719999999999999474e-02
1.063999999999999946e-01
1.111999999999999933e-01
1.203999999999999931e-01
1.272000000000000075e-01
1.360000000000000098e-01
1.328000000000000014e-01
1.267999999999999960e-01
1.164000000000000035e-01
1.255999999999999894e-01
1.232000000000000040e-01
1.236000000000000015e-01
1.175999999999999962e-01
1.236000000000000015e-01
1.175999999999999962e-01
1.107999999999999957e-01
1.155999999999999944e-01
1.072000000000000036e-01
1.044000000000000067e-01
1.096000000000000030e-01
1.068000000000000060e-01
9.840000000000000135e-02
1.059999999999999970e-01
1.063999999999999946e-01
1.032000000000000001e-01
1.059999999999999970e-01
1.131999999999999951e-01
1.123999999999999999e-01
1.140000000000000041e-01
1.212000000000000022e-01
1.147999999999999993e-01
1.123999999999999999e-01
1.123999999999999999e-01
1.076000000000000012e-01
1.019999999999999934e-01
9.320000000000000506e-02
1.008000000000000007e-01
9.800000000000000377e-02
9.560000000000000442e-02
9.919999999999999651e-02
8.959999999999999909e-02
8.640000000000000457e-02
8.799999999999999489e-02
1.035999999999999976e-01
1.019999999999999934e-01
1.019999999999999934e-01
