3.599999999999999901e-03
3.599999999999999901e-03
2.799999999999999972e-03
3.200000000000000153e-03
4.000000000000000083e-03
4.000000000000000083e-03
3.200000000000000153e-03
4.000000000000000083e-03
4.400000000000000265e-03
5.199999999999999761e-03
4.000000000000000083e-03
2.399999999999999790e-03
2.799999999999999972e-03
2.399999999999999790e-03
2.000000000000000042e-03
2.000000000000000042e-03
2.399999999999999790e-03
2.799999999999999972e-03
4.400000000000000265e-03
7.199999999999999803e-03
8.800000000000000530e-03
1.000000000000000021e-02
8.800000000000000530e-03
1.119999999999999989e-02
1.640000000000000138e-02
2.719999999999999848e-02
3.119999999999999857e-02
3.919999999999999873e-02
3.839999999999999664e-02
3.640000000000000180e-02
3.599999999999999728e-02
3.520000000000000212e-02
3.520000000000000212e-02
3.919999999999999873e-02
3.599999999999999728e-02
3.960000000000000325e-02
4.039999999999999841e-02
4.359999999999999987e-02
5.199999999999999761e-02
6.079999999999999988e-02
7.639999999999999569e-02
8.279999999999999860e-02
9.199999999999999845e-02
1.072000000000000036e-01
1.087999999999999939e-01
1.072000000000000036e-01
1.208000000000000046e-01
1.155999999999999944e-01
1.032000000000000001e-01
9.120000000000000329e-02
9.199999999999999845e-02
8.359999999999999376e-02
7.639999999999999569e-02
7.119999999999999940e-02
6.679999999999999827e-02
5.759999999999999842e-02
3.960000000000000325e-02
2.960000000000000131e-02
2.599999999999999881e-02
2.000000000000000042e-02
2.239999999999999977e-02
1.880000000000000074e-02
1.760000000000000106e-02
1.880000000000000074e-02
2.000000000000000042e-02
1.760000000000000106e-02
1.799999999999999864e-02
1.799999999999999864e-02
1.919999999999999832e-02
1.919999999999999832e-02
1.600000000000000033e-02
1.559999999999999928e-02
1.679999999999999896e-02
1.880000000000000074e-02
1.919999999999999832e-02
2.759999999999999953e-02
3.200000000000000067e-02
3.119999999999999857e-02
3.160000000000000309e-02
3.239999999999999825e-02
3.479999999999999760e-02
3.520000000000000212e-02
3.440000000000000002e-02
3.320000000000000034e-02
2.719999999999999848e-02
3.440000000000000002e-02
3.599999999999999728e-02
4.039999999999999841e-02
4.200000000000000261e-02
3.960000000000000325e-02
4.240000000000000019e-02
4.440000000000000197e-02
4.560000000000000164e-02
4.200000000000000261e-02
4.760000000000000342e-02
5.279999999999999971e-02
5.399999999999999939e-02
5.519999999999999907e-02
5.600000000000000117e-02
6.320000000000000617e-02
7.000000000000000666e-02
6.360000000000000375e-02
6.360000000000000375e-02
6.560000000000000553e-02
6.320000000000000617e-02
6.560000000000000553e-02
6.040000000000000230e-02
5.680000000000000326e-02
5.439999999999999697e-02
4.959999999999999826e-02
5.279999999999999971e-02
4.959999999999999826e-02
4.440000000000000197e-02
4.320000000000000229e-02
4.359999999999999987e-02
4.320000000000000229e-02
3.440000000000000002e-02
3.760000000000000148e-02
4.200000000000000261e-02
4.159999999999999809e-02
4.399999999999999745e-02
4.159999999999999809e-02
4.120000000000000051e-02
4.200000000000000261e-02
4.200000000000000261e-02
4.519999999999999712e-02
4.639999999999999680e-02
4.320000000000000229e-02
3.599999999999999728e-02
2.879999999999999921e-02
2.920000000000000026e-02
3.160000000000000309e-02
2.759999999999999953e-02
2.280000000000000082e-02
2.000000000000000042e-02
2.400000000000000050e-02
2.560000000000000123e-02
2.560000000000000123e-02
2.479999999999999913e-02
2.400000000000000050e-02
2.239999999999999977e-02
1.880000000000000074e-02
1.799999999999999864e-02
2.239999999999999977e-02
2.759999999999999953e-02
3.479999999999999760e-02
4.440000000000000197e-02
4.200000000000000261e-02
3.760000000000000148e-02
2.999999999999999889e-02
2.800000000000000058e-02
3.440000000000000002e-02
4.320000000000000229e-02
5.319999999999999729e-02
5.759999999999999842e-02
6.160000000000000198e-02
5.960000000000000020e-02
7.720000000000000473e-02
8.240000000000000102e-02
7.879999999999999505e-02
8.000000000000000167e-02
7.720000000000000473e-02
7.439999999999999392e-02
7.159999999999999698e-02
6.479999999999999649e-02
5.600000000000000117e-02
5.279999999999999971e-02
4.560000000000000164e-02
4.240000000000000019e-02
3.640000000000000180e-02
3.039999999999999994e-02
2.520000000000000018e-02
2.079999999999999905e-02
1.919999999999999832e-02
1.400000000000000029e-02
1.720000000000000001e-02
1.760000000000000106e-02
2.079999999999999905e-02
2.120000000000000009e-02
1.799999999999999864e-02
1.679999999999999896e-02
1.880000000000000074e-02
2.040000000000000147e-02
2.319999999999999840e-02
2.599999999999999881e-02
2.359999999999999945e-02
2.719999999999999848e-02
3.039999999999999994e-02
3.479999999999999760e-02
4.159999999999999809e-02
4.680000000000000132e-02
5.240000000000000213e-02
5.439999999999999697e-02
5.199999999999999761e-02
5.160000000000000003e-02
4.920000000000000068e-02
4.800000000000000100e-02
5.000000000000000278e-02
5.639999999999999875e-02
6.320000000000000617e-02
6.840000000000000246e-02
6.040000000000000230e-02
5.480000000000000149e-02
5.519999999999999907e-02
5.600000000000000117e-02
5.199999999999999761e-02
5.360000000000000181e-02
4.719999999999999890e-02
4.920000000000000068e-02
4.800000000000000100e-02
5.160000000000000003e-02
4.599999999999999922e-02
4.279999999999999777e-02
4.240000000000000019e-02
4.200000000000000261e-02
3.239999999999999825e-02
2.960000000000000131e-02
3.200000000000000067e-02
3.760000000000000148e-02
3.359999999999999792e-02
3.119999999999999857e-02
2.999999999999999889e-02
2.639999999999999986e-02
2.440000000000000155e-02
2.639999999999999986e-02
2.920000000000000026e-02
3.119999999999999857e-02
3.080000000000000099e-02
2.840000000000000163e-02
2.719999999999999848e-02
2.680000000000000090e-02
2.479999999999999913e-02
2.239999999999999977e-02
2.319999999999999840e-02
2.719999999999999848e-02
2.840000000000000163e-02
2.800000000000000058e-02
3.359999999999999792e-02
2.999999999999999889e-02
3.839999999999999664e-02
4.240000000000000019e-02
4.719999999999999890e-02
4.159999999999999809e-02
4.479999999999999954e-02
4.599999999999999922e-02
4.159999999999999809e-02
4.240000000000000019e-02
4.320000000000000229e-02
4.599999999999999922e-02
5.000000000000000278e-02
5.160000000000000003e-02
4.680000000000000132e-02
4.320000000000000229e-02
4.399999999999999745e-02
4.880000000000000310e-02
5.680000000000000326e-02
6.079999999999999988e-02
6.279999999999999472e-02
6.400000000000000133e-02
6.040000000000000230e-02
6.079999999999999988e-02
5.879999999999999810e-02
6.119999999999999746e-02
5.840000000000000052e-02
5.120000000000000245e-02
4.159999999999999809e-02
4.399999999999999745e-02
4.320000000000000229e-02
4.240000000000000019e-02
4.080000000000000293e-02
3.599999999999999728e-02
3.839999999999999664e-02
4.039999999999999841e-02
4.000000000000000083e-02
4.560000000000000164e-02
5.360000000000000181e-02
5.319999999999999729e-02
5.279999999999999971e-02
6.040000000000000230e-02
5.279999999999999971e-02
4.599999999999999922e-02
4.320000000000000229e-02
4.080000000000000293e-02
3.960000000000000325e-02
3.400000000000000244e-02
3.320000000000000034e-02
3.679999999999999938e-02
4.039999999999999841e-02
3.719999999999999696e-02
3.559999999999999970e-02
3.799999999999999906e-02
4.000000000000000083e-02
3.719999999999999696e-02
3.599999999999999728e-02
3.799999999999999906e-02
4.159999999999999809e-02
3.880000000000000115e-02
4.240000000000000019e-02
4.839999999999999858e-02
4.080000000000000293e-02
4.279999999999999777e-02
4.240000000000000019e-02
4.719999999999999890e-02
4.760000000000000342e-02
4.479999999999999954e-02
5.000000000000000278e-02
5.120000000000000245e-02
5.439999999999999697e-02
5.720000000000000084e-02
5.639999999999999875e-02
5.199999999999999761e-02
5.000000000000000278e-02
5.240000000000000213e-02
4.719999999999999890e-02
4.800000000000000100e-02
3.599999999999999728e-02
3.200000000000000067e-02
3.479999999999999760e-02
3.799999999999999906e-02
3.640000000000000180e-02
3.760000000000000148e-02
3.839999999999999664e-02
4.760000000000000342e-02
5.600000000000000117e-02
4.880000000000000310e-02
4.359999999999999987e-02
4.399999999999999745e-02
4.440000000000000197e-02
4.159999999999999809e-02
3.679999999999999938e-02
3.400000000000000244e-02
3.359999999999999792e-02
3.479999999999999760e-02
3.599999999999999728e-02
3.880000000000000115e-02
4.000000000000000083e-02
3.239999999999999825e-02
3.200000000000000067e-02
3.080000000000000099e-02
3.559999999999999970e-02
3.880000000000000115e-02
3.479999999999999760e-02
4.159999999999999809e-02
4.200000000000000261e-02
4.120000000000000051e-02
4.039999999999999841e-02
4.639999999999999680e-02
5.120000000000000245e-02
5.160000000000000003e-02
5.559999999999999665e-02
5.800000000000000294e-02
5.680000000000000326e-02
4.920000000000000068e-02
4.479999999999999954e-02
4.599999999999999922e-02
4.359999999999999987e-02
4.839999999999999858e-02
4.880000000000000310e-02
4.599999999999999922e-02
4.039999999999999841e-02
4.479999999999999954e-02
5.000000000000000278e-02
4.639999999999999680e-02
5.079999999999999793e-02
5.519999999999999907e-02
5.199999999999999761e-02
5.120000000000000245e-02
4.760000000000000342e-02
4.240000000000000019e-02
4.440000000000000197e-02
4.159999999999999809e-02
4.519999999999999712e-02
4.560000000000000164e-02
4.920000000000000068e-02
4.800000000000000100e-02
4.279999999999999777e-02
3.520000000000000212e-02
3.479999999999999760e-02
3.400000000000000244e-02
3.359999999999999792e-02
3.679999999999999938e-02
3.599999999999999728e-02
3.280000000000000276e-02
3.280000000000000276e-02
3.200000000000000067e-02
3.239999999999999825e-02
2.960000000000000131e-02
2.920000000000000026e-02
3.039999999999999994e-02
3.200000000000000067e-02
3.039999999999999994e-02
3.200000000000000067e-02
3.599999999999999728e-02
3.520000000000000212e-02
4.279999999999999777e-02
4.599999999999999922e-02
5.120000000000000245e-02
6.079999999999999988e-02
6.519999999999999407e-02
6.719999999999999585e-02
6.560000000000000553e-02
6.320000000000000617e-02
5.920000000000000262e-02
6.320000000000000617e-02
7.000000000000000666e-02
6.119999999999999746e-02
6.320000000000000617e-02
6.040000000000000230e-02
5.999999999999999778e-02
6.640000000000000069e-02
7.119999999999999940e-02
6.640000000000000069e-02
6.079999999999999988e-02
5.040000000000000036e-02
4.120000000000000051e-02
3.719999999999999696e-02
3.919999999999999873e-02
3.479999999999999760e-02
3.559999999999999970e-02
3.520000000000000212e-02
3.119999999999999857e-02
2.800000000000000058e-02
3.479999999999999760e-02
2.800000000000000058e-02
3.039999999999999994e-02
2.759999999999999953e-02
2.800000000000000058e-02
2.599999999999999881e-02
2.759999999999999953e-02
2.479999999999999913e-02
2.800000000000000058e-02
2.840000000000000163e-02
2.879999999999999921e-02
2.920000000000000026e-02
2.920000000000000026e-02
2.840000000000000163e-02
2.840000000000000163e-02
2.680000000000000090e-02
2.840000000000000163e-02
2.999999999999999889e-02
3.039999999999999994e-02
3.239999999999999825e-02
3.200000000000000067e-02
3.640000000000000180e-02
3.640000000000000180e-02
3.760000000000000148e-02
4.519999999999999712e-02
4.880000000000000310e-02
5.199999999999999761e-02
6.759999999999999343e-02
6.840000000000000246e-02
7.000000000000000666e-02
7.920000000000000651e-02
8.240000000000000102e-02
8.319999999999999618e-02
7.639999999999999569e-02
7.920000000000000651e-02
7.240000000000000602e-02
6.600000000000000311e-02
5.800000000000000294e-02
5.960000000000000020e-02
5.960000000000000020e-02
5.879999999999999810e-02
5.279999999999999971e-02
4.240000000000000019e-02
4.240000000000000019e-02
3.320000000000000034e-02
3.839999999999999664e-02
3.359999999999999792e-02
3.520000000000000212e-02
3.919999999999999873e-02
4.279999999999999777e-02
3.919999999999999873e-02
3.479999999999999760e-02
4.159999999999999809e-02
4.279999999999999777e-02
3.640000000000000180e-02
3.839999999999999664e-02
3.960000000000000325e-02
