5.759999999999999842e-02
7.000000000000000666e-02
8.519999999999999796e-02
8.880000000000000393e-02
9.239999999999999603e-02
9.719999999999999474e-02
1.092000000000000054e-01
1.116000000000000048e-01
1.164000000000000035e-01
1.164000000000000035e-01
1.055999999999999994e-01
9.959999999999999409e-02
9.400000000000000022e-02
8.440000000000000280e-02
8.279999999999999860e-02
7.520000000000000295e-02
6.959999999999999520e-02
6.679999999999999827e-02
6.479999999999999649e-02
7.080000000000000182e-02
8.279999999999999860e-02
8.440000000000000280e-02
8.400000000000000522e-02
7.480000000000000537e-02
6.759999999999999343e-02
6.360000000000000375e-02
6.959999999999999520e-02
7.720000000000000473e-02
7.839999999999999747e-02
9.520000000000000684e-02
1.000000000000000056e-01
1.123999999999999999e-01
1.076000000000000012e-01
1.008000000000000007e-01
1.044000000000000067e-01
9.199999999999999845e-02
8.840000000000000635e-02
7.879999999999999505e-02
7.960000000000000409e-02
7.879999999999999505e-02
7.639999999999999569e-02
7.040000000000000424e-02
7.599999999999999811e-02
8.039999999999999925e-02
8.000000000000000167e-02
9.360000000000000264e-02
9.760000000000000620e-02
8.880000000000000393e-02
9.239999999999999603e-02
9.120000000000000329e-02
9.439999999999999780e-02
8.719999999999999973e-02
9.439999999999999780e-02
9.400000000000000022e-02
9.239999999999999603e-02
1.008000000000000007e-01
8.680000000000000215e-02
8.000000000000000167e-02
8.519999999999999796e-02
8.880000000000000393e-02
8.640000000000000457e-02
9.080000000000000571e-02
9.320000000000000506e-02
8.160000000000000586e-02
8.519999999999999796e-02
7.639999999999999569e-02
6.880000000000000004e-02
6.040000000000000230e-02
5.680000000000000326e-02
6.160000000000000198e-02
6.759999999999999343e-02
7.560000000000000053e-02
9.160000000000000087e-02
8.999999999999999667e-02
1.068000000000000060e-01
1.103999999999999981e-01
1.151999999999999968e-01
1.195999999999999980e-01
1.055999999999999994e-01
9.919999999999999651e-02
8.840000000000000635e-02
8.279999999999999860e-02
7.560000000000000053e-02
7.720000000000000473e-02
7.520000000000000295e-02
7.119999999999999940e-02
7.240000000000000602e-02
7.599999999999999811e-02
8.079999999999999682e-02
8.000000000000000167e-02
7.199999999999999456e-02
6.560000000000000553e-02
6.400000000000000133e-02
5.999999999999999778e-02
7.480000000000000537e-02
6.800000000000000488e-02
6.600000000000000311e-02
6.880000000000000004e-02
8.999999999999999667e-02
9.600000000000000200e-02
1.151999999999999968e-01
1.111999999999999933e-01
1.232000000000000040e-01
1.255999999999999894e-01
1.179999999999999938e-01
1.100000000000000006e-01
1.063999999999999946e-01
9.320000000000000506e-02
7.839999999999999747e-02
7.000000000000000666e-02
7.119999999999999940e-02
7.280000000000000360e-02
7.560000000000000053e-02
6.919999999999999762e-02
6.880000000000000004e-02
6.320000000000000617e-02
6.759999999999999343e-02
6.959999999999999520e-02
6.719999999999999585e-02
8.240000000000000102e-02
8.480000000000000038e-02
8.880000000000000393e-02
9.600000000000000200e-02
9.279999999999999361e-02
8.440000000000000280e-02
8.640000000000000457e-02
7.920000000000000651e-02
8.160000000000000586e-02
8.079999999999999682e-02
7.159999999999999698e-02
7.760000000000000231e-02
7.320000000000000118e-02
7.040000000000000424e-02
7.240000000000000602e-02
7.240000000000000602e-02
7.720000000000000473e-02
6.959999999999999520e-02
7.639999999999999569e-02
7.560000000000000053e-02
7.639999999999999569e-02
8.039999999999999925e-02
7.520000000000000295e-02
8.119999999999999440e-02
8.440000000000000280e-02
9.120000000000000329e-02
9.760000000000000620e-02
9.600000000000000200e-02
9.439999999999999780e-02
9.600000000000000200e-02
9.879999999999999893e-02
1.035999999999999976e-01
1.004000000000000031e-01
1.063999999999999946e-01
9.639999999999999958e-02
1.000000000000000056e-01
9.719999999999999474e-02
8.920000000000000151e-02
7.839999999999999747e-02
7.679999999999999327e-02
7.639999999999999569e-02
8.079999999999999682e-02
7.040000000000000424e-02
6.439999999999999891e-02
5.480000000000000149e-02
5.160000000000000003e-02
5.999999999999999778e-02
6.320000000000000617e-02
7.159999999999999698e-02
8.079999999999999682e-02
8.559999999999999554e-02
9.199999999999999845e-02
8.880000000000000393e-02
8.599999999999999312e-02
8.959999999999999909e-02
9.919999999999999651e-02
9.800000000000000377e-02
1.044000000000000067e-01
9.400000000000000022e-02
9.360000000000000264e-02
9.400000000000000022e-02
8.400000000000000522e-02
8.160000000000000586e-02
8.559999999999999554e-02
8.240000000000000102e-02
7.879999999999999505e-02
8.160000000000000586e-02
8.079999999999999682e-02
8.119999999999999440e-02
7.920000000000000651e-02
7.639999999999999569e-02
8.000000000000000167e-02
8.119999999999999440e-02
8.480000000000000038e-02
8.840000000000000635e-02
8.959999999999999909e-02
8.279999999999999860e-02
8.599999999999999312e-02
8.559999999999999554e-02
8.840000000000000635e-02
8.799999999999999489e-02
9.719999999999999474e-02
1.111999999999999933e-01
1.063999999999999946e-01
1.011999999999999983e-01
1.072000000000000036e-01
1.000000000000000056e-01
9.279999999999999361e-02
8.880000000000000393e-02
7.520000000000000295e-02
7.520000000000000295e-02
8.359999999999999376e-02
8.440000000000000280e-02
8.359999999999999376e-02
8.799999999999999489e-02
8.559999999999999554e-02
8.999999999999999667e-02
8.599999999999999312e-02
9.320000000000000506e-02
9.120000000000000329e-02
8.799999999999999489e-02
8.880000000000000393e-02
8.119999999999999440e-02
8.079999999999999682e-02
8.959999999999999909e-02
8.840000000000000635e-02
8.079999999999999682e-02
7.960000000000000409e-02
7.639999999999999569e-02
8.039999999999999925e-02
7.599999999999999811e-02
7.280000000000000360e-02
6.919999999999999762e-02
6.679999999999999827e-02
7.560000000000000053e-02
8.640000000000000457e-02
9.760000000000000620e-02
9.279999999999999361e-02
9.160000000000000087e-02
8.519999999999999796e-02
9.239999999999999603e-02
8.920000000000000151e-02
9.039999999999999425e-02
9.279999999999999361e-02
9.039999999999999425e-02
8.559999999999999554e-02
8.279999999999999860e-02
7.799999999999999989e-02
8.359999999999999376e-02
8.680000000000000215e-02
9.239999999999999603e-02
9.600000000000000200e-02
1.092000000000000054e-01
1.032000000000000001e-01
1.044000000000000067e-01
1.072000000000000036e-01
1.052000000000000018e-01
9.320000000000000506e-02
9.239999999999999603e-02
9.279999999999999361e-02
8.599999999999999312e-02
8.160000000000000586e-02
8.319999999999999618e-02
7.199999999999999456e-02
6.959999999999999520e-02
6.800000000000000488e-02
6.759999999999999343e-02
6.560000000000000553e-02
6.560000000000000553e-02
7.560000000000000053e-02
7.839999999999999747e-02
7.879999999999999505e-02
8.440000000000000280e-02
7.760000000000000231e-02
8.880000000000000393e-02
9.039999999999999425e-02
9.879999999999999893e-02
1.000000000000000056e-01
1.068000000000000060e-01
9.719999999999999474e-02
8.999999999999999667e-02
1.015999999999999959e-01
1.008000000000000007e-01
1.039999999999999952e-01
1.004000000000000031e-01
1.004000000000000031e-01
9.600000000000000200e-02
8.200000000000000344e-02
7.599999999999999811e-02
7.399999999999999634e-02
7.480000000000000537e-02
7.599999999999999811e-02
7.720000000000000473e-02
8.119999999999999440e-02
7.480000000000000537e-02
7.639999999999999569e-02
7.439999999999999392e-02
7.080000000000000182e-02
6.600000000000000311e-02
6.519999999999999407e-02
7.520000000000000295e-02
7.679999999999999327e-02
8.719999999999999973e-02
8.440000000000000280e-02
8.920000000000000151e-02
8.759999999999999731e-02
8.519999999999999796e-02
8.519999999999999796e-02
8.880000000000000393e-02
9.679999999999999716e-02
9.760000000000000620e-02
9.639999999999999958e-02
8.920000000000000151e-02
8.200000000000000344e-02
9.039999999999999425e-02
9.719999999999999474e-02
9.639999999999999958e-02
9.840000000000000135e-02
9.160000000000000087e-02
7.960000000000000409e-02
8.039999999999999925e-02
7.320000000000000118e-02
7.839999999999999747e-02
7.000000000000000666e-02
6.840000000000000246e-02
6.600000000000000311e-02
8.480000000000000038e-02
9.239999999999999603e-02
9.679999999999999716e-02
8.959999999999999909e-02
8.640000000000000457e-02
9.600000000000000200e-02
9.160000000000000087e-02
8.279999999999999860e-02
8.440000000000000280e-02
7.760000000000000231e-02
7.720000000000000473e-02
7.280000000000000360e-02
7.720000000000000473e-02
7.199999999999999456e-02
6.479999999999999649e-02
6.919999999999999762e-02
6.560000000000000553e-02
6.519999999999999407e-02
7.159999999999999698e-02
7.839999999999999747e-02
9.039999999999999425e-02
1.024000000000000049e-01
1.035999999999999976e-01
1.028000000000000025e-01
1.052000000000000018e-01
1.008000000000000007e-01
9.360000000000000264e-02
9.439999999999999780e-02
8.719999999999999973e-02
8.160000000000000586e-02
8.000000000000000167e-02
7.520000000000000295e-02
6.840000000000000246e-02
6.320000000000000617e-02
6.360000000000000375e-02
6.360000000000000375e-02
5.600000000000000117e-02
6.519999999999999407e-02
7.040000000000000424e-02
8.079999999999999682e-02
7.439999999999999392e-02
6.519999999999999407e-02
6.679999999999999827e-02
6.759999999999999343e-02
7.560000000000000053e-02
7.240000000000000602e-02
7.760000000000000231e-02
7.599999999999999811e-02
8.000000000000000167e-02
7.399999999999999634e-02
7.720000000000000473e-02
7.280000000000000360e-02
8.440000000000000280e-02
9.360000000000000264e-02
9.360000000000000264e-02
8.880000000000000393e-02
8.759999999999999731e-02
8.119999999999999440e-02
7.920000000000000651e-02
7.679999999999999327e-02
8.160000000000000586e-02
7.920000000000000651e-02
9.400000000000000022e-02
1.032000000000000001e-01
1.140000000000000041e-01
1.151999999999999968e-01
1.175999999999999962e-01
1.179999999999999938e-01
1.171999999999999986e-01
1.048000000000000043e-01
1.052000000000000018e-01
9.120000000000000329e-02
8.079999999999999682e-02
7.000000000000000666e-02
6.600000000000000311e-02
7.240000000000000602e-02
7.720000000000000473e-02
7.599999999999999811e-02
7.679999999999999327e-02
7.839999999999999747e-02
7.399999999999999634e-02
7.119999999999999940e-02
7.480000000000000537e-02
6.919999999999999762e-02
7.240000000000000602e-02
7.439999999999999392e-02
6.919999999999999762e-02
7.080000000000000182e-02
7.960000000000000409e-02
7.960000000000000409e-02
8.440000000000000280e-02
9.520000000000000684e-02
1.035999999999999976e-01
1.179999999999999938e-01
1.168000000000000010e-01
1.179999999999999938e-01
1.131999999999999951e-01
1.063999999999999946e-01
9.719999999999999474e-02
1.035999999999999976e-01
9.600000000000000200e-02
8.880000000000000393e-02
8.400000000000000522e-02
7.760000000000000231e-02
7.760000000000000231e-02
7.799999999999999989e-02
7.920000000000000651e-02
6.759999999999999343e-02
6.360000000000000375e-02
6.239999999999999714e-02
6.919999999999999762e-02
7.000000000000000666e-02
7.639999999999999569e-02
7.639999999999999569e-02
7.960000000000000409e-02
8.759999999999999731e-02
8.599999999999999312e-02
8.719999999999999973e-02
9.760000000000000620e-02
8.240000000000000102e-02
8.039999999999999925e-02
8.319999999999999618e-02
9.199999999999999845e-02
9.239999999999999603e-02
9.120000000000000329e-02
8.920000000000000151e-02
8.519999999999999796e-02
8.200000000000000344e-02
7.560000000000000053e-02
7.000000000000000666e-02
7.159999999999999698e-02
6.719999999999999585e-02
7.000000000000000666e-02
6.959999999999999520e-02
7.399999999999999634e-02
7.639999999999999569e-02
7.199999999999999456e-02
8.480000000000000038e-02
8.039999999999999925e-02
8.719999999999999973e-02
9.120000000000000329e-02
9.840000000000000135e-02
1.011999999999999983e-01
9.400000000000000022e-02
9.800000000000000377e-02
9.600000000000000200e-02
1.063999999999999946e-01
1.044000000000000067e-01
1.024000000000000049e-01
1.024000000000000049e-01
9.639999999999999958e-02
8.359999999999999376e-02
7.359999999999999876e-02
7.480000000000000537e-02
